 demo                      SWAT+ 2026-07-13        MODULAR Rev 2026.cb442f7c05fc3bfc34349c446010f452d2737c
 freq       soil_lyr  soil_depth        jday         mon         day          yr        unit                gis_id    name                ncbm           nchp           nchs
 day              1          10           1           1           1        1975           1                     1 hru0001           5.0000001E-02  0.1000000      3.9999999E-02
 day              2          25           1           1           1        1975           1                     1 hru0001           0.3300000      0.1430000      8.2999997E-02
 day              3          50           1           1           1        1975           1                     1 hru0001           0.3300000      0.1430000      8.2999997E-02
 day              4         100           1           1           1        1975           1                     1 hru0001           0.2900580      0.1406776      8.1326619E-02
 day              5         150           1           1           1        1975           1                     1 hru0001           0.2493141      0.1379410      7.8915261E-02
 day              6         200           1           1           1        1975           1                     1 hru0001           0.2199279      0.1354349      7.6750569E-02
 day              7         300           1           1           1        1975           1                     1 hru0001           0.1804506      0.1310169      7.3032267E-02
 day              8         450           1           1           1        1975           1                     1 hru0001           0.1457906      0.1255909      6.8628758E-02
 day              9         600           1           1           1        1975           1                     1 hru0001           0.1251078      0.1212681      6.5242864E-02
 day             10         750           1           1           1        1975           1                     1 hru0001           0.1114938      0.1177790      6.2585235E-02
 day             11         900           1           1           1        1975           1                     1 hru0001           0.1019455      0.1149327      6.0465291E-02
 day             12        1050           1           1           1        1975           1                     1 hru0001           9.4946854E-02  0.1125908      5.8752391E-02
 day             13        1200           1           1           1        1975           1                     1 hru0001           8.9649625E-02  0.1106502      5.7353944E-02
 day             14        1500           1           1           1        1975           1                     1 hru0001           8.2296327E-02  0.1076779      5.5247884E-02
 day             15        1800           1           1           1        1975           1                     1 hru0001           7.7582143E-02  0.1055770      5.3784769E-02
 day             16        2000           1           1           1        1975           1                     1 hru0001           7.5345904E-02  0.1045203      5.3056765E-02
 day              1          10           1           1           1        1975           2                     1 hru0002           5.0000001E-02  0.1000000      3.9999999E-02
 day              2          25           1           1           1        1975           2                     1 hru0002           0.3300000      0.1430000      8.2999997E-02
 day              3          50           1           1           1        1975           2                     1 hru0002           0.3300000      0.1430000      8.2999997E-02
 day              4         100           1           1           1        1975           2                     1 hru0002           0.2900580      0.1406776      8.1326619E-02
 day              5         150           1           1           1        1975           2                     1 hru0002           0.2493141      0.1379410      7.8915261E-02
 day              6         200           1           1           1        1975           2                     1 hru0002           0.2199279      0.1354349      7.6750562E-02
 day              7         300           1           1           1        1975           2                     1 hru0002           0.1804506      0.1310169      7.3032267E-02
 day              8         450           1           1           1        1975           2                     1 hru0002           0.1457906      0.1255909      6.8628758E-02
 day              9         600           1           1           1        1975           2                     1 hru0002           0.1251078      0.1212681      6.5242864E-02
 day             10         750           1           1           1        1975           2                     1 hru0002           0.1114938      0.1177789      6.2585235E-02
 day             11         900           1           1           1        1975           2                     1 hru0002           0.1019455      0.1149327      6.0465291E-02
 day             12        1050           1           1           1        1975           2                     1 hru0002           9.4946854E-02  0.1125908      5.8752391E-02
 day             13        1200           1           1           1        1975           2                     1 hru0002           8.9649633E-02  0.1106502      5.7353944E-02
 day             14        1500           1           1           1        1975           2                     1 hru0002           8.2296327E-02  0.1076779      5.5247884E-02
 day             15        1800           1           1           1        1975           2                     1 hru0002           7.7582143E-02  0.1055770      5.3784769E-02
 day             16        2000           1           1           1        1975           2                     1 hru0002           7.5345904E-02  0.1045203      5.3056765E-02
 day              1          10           1           1           1        1975           3                     1 hru0003           5.0000001E-02  0.1000000      3.9999999E-02
 day              2          25           1           1           1        1975           3                     1 hru0003           0.3300000      0.1430000      8.2999997E-02
 day              3          50           1           1           1        1975           3                     1 hru0003           0.3300000      0.1430000      8.2999997E-02
 day              4         100           1           1           1        1975           3                     1 hru0003           0.2900579      0.1406776      8.1326619E-02
 day              5         150           1           1           1        1975           3                     1 hru0003           0.2493141      0.1379410      7.8915253E-02
 day              6         200           1           1           1        1975           3                     1 hru0003           0.2199279      0.1354349      7.6750569E-02
 day              7         300           1           1           1        1975           3                     1 hru0003           0.1804506      0.1310169      7.3032267E-02
 day              8         450           1           1           1        1975           3                     1 hru0003           0.1457906      0.1255909      6.8628758E-02
 day              9         600           1           1           1        1975           3                     1 hru0003           0.1251078      0.1212681      6.5242864E-02
 day             10         750           1           1           1        1975           3                     1 hru0003           0.1114938      0.1177790      6.2585235E-02
 day             11         900           1           1           1        1975           3                     1 hru0003           0.1019455      0.1149327      6.0465291E-02
 day             12        1050           1           1           1        1975           3                     1 hru0003           9.4946854E-02  0.1125908      5.8752391E-02
 day             13        1200           1           1           1        1975           3                     1 hru0003           8.9649625E-02  0.1106502      5.7353944E-02
 day             14        1500           1           1           1        1975           3                     1 hru0003           8.2296327E-02  0.1076779      5.5247884E-02
 day             15        1800           1           1           1        1975           3                     1 hru0003           7.7582143E-02  0.1055770      5.3784769E-02
 day             16        2000           1           1           1        1975           3                     1 hru0003           7.5345904E-02  0.1045203      5.3056765E-02
 day              1          10           1           1           1        1975           4                     1 hru0004           5.0000001E-02  0.1000000      3.9999999E-02
 day              2          25           1           1           1        1975           4                     1 hru0004           0.3300000      0.1430000      8.2999997E-02
 day              3          50           1           1           1        1975           4                     1 hru0004           0.3300000      0.1430000      8.2999997E-02
 day              4         100           1           1           1        1975           4                     1 hru0004           0.2900580      0.1406776      8.1326619E-02
 day              5         150           1           1           1        1975           4                     1 hru0004           0.2493141      0.1379410      7.8915253E-02
 day              6         200           1           1           1        1975           4                     1 hru0004           0.2199279      0.1354349      7.6750569E-02
 day              7         300           1           1           1        1975           4                     1 hru0004           0.1804506      0.1310169      7.3032267E-02
 day              8         450           1           1           1        1975           4                     1 hru0004           0.1457906      0.1255909      6.8628758E-02
 day              9         600           1           1           1        1975           4                     1 hru0004           0.1251078      0.1212681      6.5242864E-02
 day             10         750           1           1           1        1975           4                     1 hru0004           0.1114938      0.1177789      6.2585235E-02
 day             11         900           1           1           1        1975           4                     1 hru0004           0.1019455      0.1149327      6.0465291E-02
 day             12        1050           1           1           1        1975           4                     1 hru0004           9.4946854E-02  0.1125908      5.8752391E-02
 day             13        1200           1           1           1        1975           4                     1 hru0004           8.9649625E-02  0.1106502      5.7353944E-02
 day             14        1500           1           1           1        1975           4                     1 hru0004           8.2296327E-02  0.1076779      5.5247884E-02
 day             15        1800           1           1           1        1975           4                     1 hru0004           7.7582143E-02  0.1055770      5.3784769E-02
 day             16        2000           1           1           1        1975           4                     1 hru0004           7.5345904E-02  0.1045203      5.3056765E-02
 day              1          10           1           1           1        1975           5                     1 hru0005           5.0000001E-02  0.1000000      3.9999999E-02
 day              2          25           1           1           1        1975           5                     1 hru0005           0.3300000      0.1430000      8.2999997E-02
 day              3          50           1           1           1        1975           5                     1 hru0005           0.3300000      0.1430000      8.2999997E-02
 day              4         100           1           1           1        1975           5                     1 hru0005           0.2900580      0.1406776      8.1326619E-02
 day              5         150           1           1           1        1975           5                     1 hru0005           0.2493141      0.1379410      7.8915261E-02
 day              6         200           1           1           1        1975           5                     1 hru0005           0.2199279      0.1354349      7.6750562E-02
 day              7         300           1           1           1        1975           5                     1 hru0005           0.1804506      0.1310169      7.3032267E-02
 day              8         450           1           1           1        1975           5                     1 hru0005           0.1457906      0.1255909      6.8628758E-02
 day              9         600           1           1           1        1975           5                     1 hru0005           0.1251078      0.1212681      6.5242864E-02
 day             10         750           1           1           1        1975           5                     1 hru0005           0.1114938      0.1177789      6.2585235E-02
 day             11         900           1           1           1        1975           5                     1 hru0005           0.1019455      0.1149327      6.0465299E-02
 day             12        1050           1           1           1        1975           5                     1 hru0005           9.4946854E-02  0.1125908      5.8752391E-02
 day             13        1200           1           1           1        1975           5                     1 hru0005           8.9649625E-02  0.1106502      5.7353944E-02
 day             14        1500           1           1           1        1975           5                     1 hru0005           8.2296327E-02  0.1076779      5.5247884E-02
 day             15        1800           1           1           1        1975           5                     1 hru0005           7.7582143E-02  0.1055770      5.3784769E-02
 day             16        2000           1           1           1        1975           5                     1 hru0005           7.5345904E-02  0.1045203      5.3056765E-02
 day              1          10           1           1           1        1975           6                     1 hru0006           5.0000001E-02  0.1000000      3.9999999E-02
 day              2          25           1           1           1        1975           6                     1 hru0006           0.2791451      0.1400131      8.0736473E-02
 day              3          50           1           1           1        1975           6                     1 hru0006           0.2613485      0.1388263      7.9689823E-02
 day              4         100           1           1           1        1975           6                     1 hru0006           0.2287398      0.1362439      7.7444881E-02
 day              5         150           1           1           1        1975           6                     1 hru0006           0.2044937      0.1338774      7.5425729E-02
 day              6         200           1           1           1        1975           6                     1 hru0006           0.1857635      0.1317014      7.3600404E-02
 day              7         300           1           1           1        1975           6                     1 hru0006           0.1587718      0.1278446      7.0436575E-02
 day              8         450           1           1           1        1975           6                     1 hru0006           0.1331483      0.1230713      6.6642411E-02
 day              9         600           1           1           1        1975           6                     1 hru0006           0.1169090      0.1192393      6.3689567E-02
 day             10         750           1           1           1        1975           6                     1 hru0006           0.1058024      0.1161273      6.1349869E-02
 day             11         900           1           1           1        1975           6                     1 hru0006           9.7804934E-02  0.1135759      5.9469510E-02
 day             12        1050           1           1           1        1975           6                     1 hru0006           9.1830477E-02  0.1114680      5.7940993E-02
 day             13        1200           1           1           1        1975           6                     1 hru0006           8.7243490E-02  0.1097154      5.6686949E-02
 day             14        1500           1           1           1        1975           6                     1 hru0006           8.0781229E-02  0.1070206      5.4787848E-02
 day             15        1800           1           1           1        1975           6                     1 hru0006           7.6579064E-02  0.1051080      5.3461030E-02
 day             16        2000           1           1           1        1975           6                     1 hru0006           7.4569263E-02  0.1041437      5.2798539E-02
 day              1          10           1           1           1        1975           7                     1 hru0007           5.0000001E-02  0.1000000      3.9999999E-02
 day              2          25           1           1           1        1975           7                     1 hru0007           0.2791451      0.1400131      8.0736473E-02
 day              3          50           1           1           1        1975           7                     1 hru0007           0.2613484      0.1388263      7.9689816E-02
 day              4         100           1           1           1        1975           7                     1 hru0007           0.2287398      0.1362439      7.7444881E-02
 day              5         150           1           1           1        1975           7                     1 hru0007           0.2044938      0.1338774      7.5425737E-02
 day              6         200           1           1           1        1975           7                     1 hru0007           0.1857635      0.1317014      7.3600404E-02
 day              7         300           1           1           1        1975           7                     1 hru0007           0.1587718      0.1278446      7.0436567E-02
 day              8         450           1           1           1        1975           7                     1 hru0007           0.1331483      0.1230713      6.6642411E-02
 day              9         600           1           1           1        1975           7                     1 hru0007           0.1169090      0.1192393      6.3689567E-02
 day             10         750           1           1           1        1975           7                     1 hru0007           0.1058024      0.1161273      6.1349869E-02
 day             11         900           1           1           1        1975           7                     1 hru0007           9.7804941E-02  0.1135759      5.9469510E-02
 day             12        1050           1           1           1        1975           7                     1 hru0007           9.1830477E-02  0.1114680      5.7940993E-02
 day             13        1200           1           1           1        1975           7                     1 hru0007           8.7243490E-02  0.1097154      5.6686949E-02
 day             14        1500           1           1           1        1975           7                     1 hru0007           8.0781229E-02  0.1070206      5.4787848E-02
 day             15        1800           1           1           1        1975           7                     1 hru0007           7.6579064E-02  0.1051080      5.3461030E-02
 day             16        2000           1           1           1        1975           7                     1 hru0007           7.4569263E-02  0.1041437      5.2798539E-02
 day              1          10           1           1           1        1975           8                     1 hru0008           5.0000001E-02  0.1000000      3.9999999E-02
 day              2          25           1           1           1        1975           8                     1 hru0008           0.2791451      0.1400131      8.0736473E-02
 day              3          50           1           1           1        1975           8                     1 hru0008           0.2613485      0.1388263      7.9689823E-02
 day              4         100           1           1           1        1975           8                     1 hru0008           0.2287398      0.1362439      7.7444881E-02
 day              5         150           1           1           1        1975           8                     1 hru0008           0.2044938      0.1338774      7.5425729E-02
 day              6         200           1           1           1        1975           8                     1 hru0008           0.1857635      0.1317014      7.3600404E-02
 day              7         300           1           1           1        1975           8                     1 hru0008           0.1587718      0.1278446      7.0436575E-02
 day              8         450           1           1           1        1975           8                     1 hru0008           0.1331483      0.1230713      6.6642411E-02
 day              9         600           1           1           1        1975           8                     1 hru0008           0.1169090      0.1192393      6.3689567E-02
 day             10         750           1           1           1        1975           8                     1 hru0008           0.1058024      0.1161273      6.1349869E-02
 day             11         900           1           1           1        1975           8                     1 hru0008           9.7804934E-02  0.1135759      5.9469510E-02
 day             12        1050           1           1           1        1975           8                     1 hru0008           9.1830477E-02  0.1114680      5.7940993E-02
 day             13        1200           1           1           1        1975           8                     1 hru0008           8.7243490E-02  0.1097154      5.6686942E-02
 day             14        1500           1           1           1        1975           8                     1 hru0008           8.0781229E-02  0.1070206      5.4787848E-02
 day             15        1800           1           1           1        1975           8                     1 hru0008           7.6579064E-02  0.1051080      5.3461030E-02
 day             16        2000           1           1           1        1975           8                     1 hru0008           7.4569263E-02  0.1041437      5.2798539E-02
 day              1          10           1           1           1        1975           9                     1 hru0009           5.0000001E-02  0.1000000      3.9999999E-02
 day              2          25           1           1           1        1975           9                     1 hru0009           0.2791452      0.1400131      8.0736481E-02
 day              3          50           1           1           1        1975           9                     1 hru0009           0.2613484      0.1388263      7.9689816E-02
 day              4         100           1           1           1        1975           9                     1 hru0009           0.2287398      0.1362439      7.7444881E-02
 day              5         150           1           1           1        1975           9                     1 hru0009           0.2044938      0.1338774      7.5425729E-02
 day              6         200           1           1           1        1975           9                     1 hru0009           0.1857635      0.1317014      7.3600404E-02
 day              7         300           1           1           1        1975           9                     1 hru0009           0.1587718      0.1278446      7.0436575E-02
 day              8         450           1           1           1        1975           9                     1 hru0009           0.1331483      0.1230713      6.6642411E-02
 day              9         600           1           1           1        1975           9                     1 hru0009           0.1169090      0.1192393      6.3689567E-02
 day             10         750           1           1           1        1975           9                     1 hru0009           0.1058024      0.1161273      6.1349869E-02
 day             11         900           1           1           1        1975           9                     1 hru0009           9.7804934E-02  0.1135759      5.9469510E-02
 day             12        1050           1           1           1        1975           9                     1 hru0009           9.1830477E-02  0.1114680      5.7940993E-02
 day             13        1200           1           1           1        1975           9                     1 hru0009           8.7243490E-02  0.1097154      5.6686949E-02
 day             14        1500           1           1           1        1975           9                     1 hru0009           8.0781229E-02  0.1070206      5.4787848E-02
 day             15        1800           1           1           1        1975           9                     1 hru0009           7.6579064E-02  0.1051080      5.3461030E-02
 day             16        2000           1           1           1        1975           9                     1 hru0009           7.4569263E-02  0.1041437      5.2798539E-02
 day              1          10           1           1           1        1975          10                     1 hru0010           5.0000001E-02  0.1000000      3.9999999E-02
 day              2          25           1           1           1        1975          10                     1 hru0010           0.2791451      0.1400131      8.0736466E-02
 day              3          50           1           1           1        1975          10                     1 hru0010           0.2613484      0.1388263      7.9689816E-02
 day              4         100           1           1           1        1975          10                     1 hru0010           0.2287398      0.1362439      7.7444881E-02
 day              5         150           1           1           1        1975          10                     1 hru0010           0.2044937      0.1338774      7.5425729E-02
 day              6         200           1           1           1        1975          10                     1 hru0010           0.1857635      0.1317014      7.3600404E-02
 day              7         300           1           1           1        1975          10                     1 hru0010           0.1587718      0.1278446      7.0436575E-02
 day              8         450           1           1           1        1975          10                     1 hru0010           0.1331483      0.1230713      6.6642411E-02
 day              9         600           1           1           1        1975          10                     1 hru0010           0.1169090      0.1192393      6.3689567E-02
 day             10         750           1           1           1        1975          10                     1 hru0010           0.1058024      0.1161273      6.1349869E-02
 day             11         900           1           1           1        1975          10                     1 hru0010           9.7804934E-02  0.1135759      5.9469510E-02
 day             12        1050           1           1           1        1975          10                     1 hru0010           9.1830477E-02  0.1114680      5.7940993E-02
 day             13        1200           1           1           1        1975          10                     1 hru0010           8.7243497E-02  0.1097154      5.6686949E-02
 day             14        1500           1           1           1        1975          10                     1 hru0010           8.0781229E-02  0.1070206      5.4787848E-02
 day             15        1800           1           1           1        1975          10                     1 hru0010           7.6579064E-02  0.1051080      5.3461030E-02
 day             16        2000           1           1           1        1975          10                     1 hru0010           7.4569263E-02  0.1041437      5.2798539E-02
 day              1          10           1           1           1        1975          11                     1 hru0011           5.0000001E-02  0.1000000      3.9999999E-02
 day              2          25           1           1           1        1975          11                     1 hru0011           0.2791452      0.1400131      8.0736481E-02
 day              3          50           1           1           1        1975          11                     1 hru0011           0.2613483      0.1388263      7.9689816E-02
 day              4         100           1           1           1        1975          11                     1 hru0011           0.2287398      0.1362439      7.7444881E-02
 day              5         150           1           1           1        1975          11                     1 hru0011           0.2044938      0.1338774      7.5425729E-02
 day              6         200           1           1           1        1975          11                     1 hru0011           0.1857635      0.1317014      7.3600404E-02
 day              7         300           1           1           1        1975          11                     1 hru0011           0.1587718      0.1278446      7.0436567E-02
 day              8         450           1           1           1        1975          11                     1 hru0011           0.1331483      0.1230713      6.6642411E-02
 day              9         600           1           1           1        1975          11                     1 hru0011           0.1169090      0.1192393      6.3689567E-02
 day             10         750           1           1           1        1975          11                     1 hru0011           0.1058024      0.1161273      6.1349869E-02
 day             11         900           1           1           1        1975          11                     1 hru0011           9.7804926E-02  0.1135759      5.9469510E-02
 day             12        1050           1           1           1        1975          11                     1 hru0011           9.1830477E-02  0.1114680      5.7940993E-02
 day             13        1200           1           1           1        1975          11                     1 hru0011           8.7243490E-02  0.1097154      5.6686949E-02
 day             14        1500           1           1           1        1975          11                     1 hru0011           8.0781229E-02  0.1070206      5.4787848E-02
 day             15        1800           1           1           1        1975          11                     1 hru0011           7.6579064E-02  0.1051080      5.3461030E-02
 day             16        2000           1           1           1        1975          11                     1 hru0011           7.4569263E-02  0.1041437      5.2798539E-02
 day              1          10           1           1           1        1975          12                     1 hru0012           5.0000001E-02  0.1000000      3.9999999E-02
 day              2          25           1           1           1        1975          12                     1 hru0012           0.2791453      0.1400131      8.0736481E-02
 day              3          50           1           1           1        1975          12                     1 hru0012           0.2613484      0.1388263      7.9689816E-02
 day              4         100           1           1           1        1975          12                     1 hru0012           0.2287398      0.1362439      7.7444881E-02
 day              5         150           1           1           1        1975          12                     1 hru0012           0.2044938      0.1338774      7.5425737E-02
 day              6         200           1           1           1        1975          12                     1 hru0012           0.1857635      0.1317014      7.3600404E-02
 day              7         300           1           1           1        1975          12                     1 hru0012           0.1587718      0.1278446      7.0436575E-02
 day              8         450           1           1           1        1975          12                     1 hru0012           0.1331483      0.1230713      6.6642411E-02
 day              9         600           1           1           1        1975          12                     1 hru0012           0.1169090      0.1192393      6.3689567E-02
 day             10         750           1           1           1        1975          12                     1 hru0012           0.1058024      0.1161273      6.1349869E-02
 day             11         900           1           1           1        1975          12                     1 hru0012           9.7804934E-02  0.1135759      5.9469510E-02
 day             12        1050           1           1           1        1975          12                     1 hru0012           9.1830477E-02  0.1114680      5.7940993E-02
 day             13        1200           1           1           1        1975          12                     1 hru0012           8.7243497E-02  0.1097154      5.6686949E-02
 day             14        1500           1           1           1        1975          12                     1 hru0012           8.0781229E-02  0.1070206      5.4787848E-02
 day             15        1800           1           1           1        1975          12                     1 hru0012           7.6579064E-02  0.1051080      5.3461030E-02
 day             16        2000           1           1           1        1975          12                     1 hru0012           7.4569263E-02  0.1041437      5.2798539E-02
 day              1          10           2           1           2        1975           1                     1 hru0001           5.0000001E-02  0.1000000      3.9999999E-02
 day              2          25           2           1           2        1975           1                     1 hru0001           0.3300000      0.1430000      8.2999997E-02
 day              3          50           2           1           2        1975           1                     1 hru0001           0.3300000      0.1430000      8.2999997E-02
 day              4         100           2           1           2        1975           1                     1 hru0001           0.2900580      0.1406776      8.1326619E-02
 day              5         150           2           1           2        1975           1                     1 hru0001           0.2493141      0.1379410      7.8915261E-02
 day              6         200           2           1           2        1975           1                     1 hru0001           0.2198957      0.1354318      7.6747946E-02
 day              7         300           2           1           2        1975           1                     1 hru0001           0.1804491      0.1310167      7.3032118E-02
 day              8         450           2           1           2        1975           1                     1 hru0001           0.1457906      0.1255909      6.8628758E-02
 day              9         600           2           1           2        1975           1                     1 hru0001           0.1251078      0.1212681      6.5242864E-02
 day             10         750           2           1           2        1975           1                     1 hru0001           0.1114938      0.1177790      6.2585235E-02
 day             11         900           2           1           2        1975           1                     1 hru0001           0.1019455      0.1149327      6.0465291E-02
 day             12        1050           2           1           2        1975           1                     1 hru0001           9.4946854E-02  0.1125908      5.8752391E-02
 day             13        1200           2           1           2        1975           1                     1 hru0001           8.9649625E-02  0.1106502      5.7353944E-02
 day             14        1500           2           1           2        1975           1                     1 hru0001           8.2296327E-02  0.1076779      5.5247884E-02
 day             15        1800           2           1           2        1975           1                     1 hru0001           7.7582143E-02  0.1055770      5.3784769E-02
 day             16        2000           2           1           2        1975           1                     1 hru0001           7.5345904E-02  0.1045203      5.3056765E-02
 day              1          10           2           1           2        1975           2                     1 hru0002           5.0000001E-02  0.1000000      3.9999999E-02
 day              2          25           2           1           2        1975           2                     1 hru0002           0.3300000      0.1430000      8.2999997E-02
 day              3          50           2           1           2        1975           2                     1 hru0002           0.3300000      0.1430000      8.2999997E-02
 day              4         100           2           1           2        1975           2                     1 hru0002           0.2900580      0.1406776      8.1326619E-02
 day              5         150           2           1           2        1975           2                     1 hru0002           0.2493141      0.1379410      7.8915261E-02
 day              6         200           2           1           2        1975           2                     1 hru0002           0.2198963      0.1354319      7.6747999E-02
 day              7         300           2           1           2        1975           2                     1 hru0002           0.1804492      0.1310167      7.3032118E-02
 day              8         450           2           1           2        1975           2                     1 hru0002           0.1457906      0.1255909      6.8628758E-02
 day              9         600           2           1           2        1975           2                     1 hru0002           0.1251078      0.1212681      6.5242864E-02
 day             10         750           2           1           2        1975           2                     1 hru0002           0.1114938      0.1177789      6.2585235E-02
 day             11         900           2           1           2        1975           2                     1 hru0002           0.1019455      0.1149327      6.0465291E-02
 day             12        1050           2           1           2        1975           2                     1 hru0002           9.4946854E-02  0.1125908      5.8752391E-02
 day             13        1200           2           1           2        1975           2                     1 hru0002           8.9649633E-02  0.1106502      5.7353944E-02
 day             14        1500           2           1           2        1975           2                     1 hru0002           8.2296327E-02  0.1076779      5.5247884E-02
 day             15        1800           2           1           2        1975           2                     1 hru0002           7.7582143E-02  0.1055770      5.3784769E-02
 day             16        2000           2           1           2        1975           2                     1 hru0002           7.5345904E-02  0.1045203      5.3056765E-02
 day              1          10           2           1           2        1975           3                     1 hru0003           5.0000001E-02  0.1000000      3.9999999E-02
 day              2          25           2           1           2        1975           3                     1 hru0003           0.3300000      0.1430000      8.2999997E-02
 day              3          50           2           1           2        1975           3                     1 hru0003           0.3300000      0.1430000      8.2999997E-02
 day              4         100           2           1           2        1975           3                     1 hru0003           0.2900579      0.1406776      8.1326619E-02
 day              5         150           2           1           2        1975           3                     1 hru0003           0.2493141      0.1379410      7.8915253E-02
 day              6         200           2           1           2        1975           3                     1 hru0003           0.2198958      0.1354318      7.6747954E-02
 day              7         300           2           1           2        1975           3                     1 hru0003           0.1804491      0.1310167      7.3032118E-02
 day              8         450           2           1           2        1975           3                     1 hru0003           0.1457906      0.1255909      6.8628758E-02
 day              9         600           2           1           2        1975           3                     1 hru0003           0.1251078      0.1212681      6.5242864E-02
 day             10         750           2           1           2        1975           3                     1 hru0003           0.1114938      0.1177790      6.2585235E-02
 day             11         900           2           1           2        1975           3                     1 hru0003           0.1019455      0.1149327      6.0465291E-02
 day             12        1050           2           1           2        1975           3                     1 hru0003           9.4946854E-02  0.1125908      5.8752391E-02
 day             13        1200           2           1           2        1975           3                     1 hru0003           8.9649625E-02  0.1106502      5.7353944E-02
 day             14        1500           2           1           2        1975           3                     1 hru0003           8.2296327E-02  0.1076779      5.5247884E-02
 day             15        1800           2           1           2        1975           3                     1 hru0003           7.7582143E-02  0.1055770      5.3784769E-02
 day             16        2000           2           1           2        1975           3                     1 hru0003           7.5345904E-02  0.1045203      5.3056765E-02
 day              1          10           2           1           2        1975           4                     1 hru0004           5.0000001E-02  0.1000000      3.9999999E-02
 day              2          25           2           1           2        1975           4                     1 hru0004           0.3300000      0.1430000      8.2999997E-02
 day              3          50           2           1           2        1975           4                     1 hru0004           0.3300000      0.1430000      8.2999997E-02
 day              4         100           2           1           2        1975           4                     1 hru0004           0.2900580      0.1406776      8.1326619E-02
 day              5         150           2           1           2        1975           4                     1 hru0004           0.2493141      0.1379410      7.8915253E-02
 day              6         200           2           1           2        1975           4                     1 hru0004           0.2198958      0.1354318      7.6747954E-02
 day              7         300           2           1           2        1975           4                     1 hru0004           0.1804492      0.1310167      7.3032118E-02
 day              8         450           2           1           2        1975           4                     1 hru0004           0.1457906      0.1255909      6.8628758E-02
 day              9         600           2           1           2        1975           4                     1 hru0004           0.1251078      0.1212681      6.5242864E-02
 day             10         750           2           1           2        1975           4                     1 hru0004           0.1114938      0.1177789      6.2585235E-02
 day             11         900           2           1           2        1975           4                     1 hru0004           0.1019455      0.1149327      6.0465291E-02
 day             12        1050           2           1           2        1975           4                     1 hru0004           9.4946854E-02  0.1125908      5.8752391E-02
 day             13        1200           2           1           2        1975           4                     1 hru0004           8.9649625E-02  0.1106502      5.7353944E-02
 day             14        1500           2           1           2        1975           4                     1 hru0004           8.2296327E-02  0.1076779      5.5247884E-02
 day             15        1800           2           1           2        1975           4                     1 hru0004           7.7582143E-02  0.1055770      5.3784769E-02
 day             16        2000           2           1           2        1975           4                     1 hru0004           7.5345904E-02  0.1045203      5.3056765E-02
 day              1          10           2           1           2        1975           5                     1 hru0005           5.0000001E-02  0.1000000      3.9999999E-02
 day              2          25           2           1           2        1975           5                     1 hru0005           0.3300000      0.1430000      8.2999997E-02
 day              3          50           2           1           2        1975           5                     1 hru0005           0.3300000      0.1430000      8.2999997E-02
 day              4         100           2           1           2        1975           5                     1 hru0005           0.2900580      0.1406776      8.1326619E-02
 day              5         150           2           1           2        1975           5                     1 hru0005           0.2493141      0.1379410      7.8915261E-02
 day              6         200           2           1           2        1975           5                     1 hru0005           0.2198958      0.1354318      7.6747954E-02
 day              7         300           2           1           2        1975           5                     1 hru0005           0.1804491      0.1310167      7.3032118E-02
 day              8         450           2           1           2        1975           5                     1 hru0005           0.1457906      0.1255909      6.8628758E-02
 day              9         600           2           1           2        1975           5                     1 hru0005           0.1251078      0.1212681      6.5242864E-02
 day             10         750           2           1           2        1975           5                     1 hru0005           0.1114938      0.1177789      6.2585235E-02
 day             11         900           2           1           2        1975           5                     1 hru0005           0.1019455      0.1149327      6.0465299E-02
 day             12        1050           2           1           2        1975           5                     1 hru0005           9.4946854E-02  0.1125908      5.8752391E-02
 day             13        1200           2           1           2        1975           5                     1 hru0005           8.9649625E-02  0.1106502      5.7353936E-02
 day             14        1500           2           1           2        1975           5                     1 hru0005           8.2296327E-02  0.1076779      5.5247884E-02
 day             15        1800           2           1           2        1975           5                     1 hru0005           7.7582143E-02  0.1055770      5.3784769E-02
 day             16        2000           2           1           2        1975           5                     1 hru0005           7.5345904E-02  0.1045203      5.3056765E-02
 day              1          10           2           1           2        1975           6                     1 hru0006           5.0000001E-02  0.1000000      3.9999999E-02
 day              2          25           2           1           2        1975           6                     1 hru0006           0.2763440      0.1398351      8.0578931E-02
 day              3          50           2           1           2        1975           6                     1 hru0006           0.2613774      0.1388283      7.9691626E-02
 day              4         100           2           1           2        1975           6                     1 hru0006           0.2273114      0.1361164      7.7335164E-02
 day              5         150           2           1           2        1975           6                     1 hru0006           0.2043396      0.1338609      7.5411730E-02
 day              6         200           2           1           2        1975           6                     1 hru0006           0.1857428      0.1316988      7.3598236E-02
 day              7         300           2           1           2        1975           6                     1 hru0006           0.1587708      0.1278445      7.0436440E-02
 day              8         450           2           1           2        1975           6                     1 hru0006           0.1331483      0.1230713      6.6642411E-02
 day              9         600           2           1           2        1975           6                     1 hru0006           0.1169090      0.1192393      6.3689567E-02
 day             10         750           2           1           2        1975           6                     1 hru0006           0.1058024      0.1161273      6.1349869E-02
 day             11         900           2           1           2        1975           6                     1 hru0006           9.7804934E-02  0.1135759      5.9469510E-02
 day             12        1050           2           1           2        1975           6                     1 hru0006           9.1830477E-02  0.1114680      5.7940993E-02
 day             13        1200           2           1           2        1975           6                     1 hru0006           8.7243490E-02  0.1097154      5.6686949E-02
 day             14        1500           2           1           2        1975           6                     1 hru0006           8.0781229E-02  0.1070206      5.4787848E-02
 day             15        1800           2           1           2        1975           6                     1 hru0006           7.6579064E-02  0.1051080      5.3461030E-02
 day             16        2000           2           1           2        1975           6                     1 hru0006           7.4569263E-02  0.1041437      5.2798539E-02
 day              1          10           2           1           2        1975           7                     1 hru0007           5.0000001E-02  0.1000000      3.9999999E-02
 day              2          25           2           1           2        1975           7                     1 hru0007           0.2763416      0.1398350      8.0578804E-02
 day              3          50           2           1           2        1975           7                     1 hru0007           0.2613752      0.1388282      7.9691485E-02
 day              4         100           2           1           2        1975           7                     1 hru0007           0.2272854      0.1361140      7.7333152E-02
 day              5         150           2           1           2        1975           7                     1 hru0007           0.2043300      0.1338598      7.5410865E-02
 day              6         200           2           1           2        1975           7                     1 hru0007           0.1857428      0.1316988      7.3598236E-02
 day              7         300           2           1           2        1975           7                     1 hru0007           0.1587708      0.1278445      7.0436440E-02
 day              8         450           2           1           2        1975           7                     1 hru0007           0.1331483      0.1230713      6.6642411E-02
 day              9         600           2           1           2        1975           7                     1 hru0007           0.1169090      0.1192393      6.3689567E-02
 day             10         750           2           1           2        1975           7                     1 hru0007           0.1058024      0.1161273      6.1349869E-02
 day             11         900           2           1           2        1975           7                     1 hru0007           9.7804941E-02  0.1135759      5.9469510E-02
 day             12        1050           2           1           2        1975           7                     1 hru0007           9.1830477E-02  0.1114680      5.7940993E-02
 day             13        1200           2           1           2        1975           7                     1 hru0007           8.7243490E-02  0.1097154      5.6686949E-02
 day             14        1500           2           1           2        1975           7                     1 hru0007           8.0781229E-02  0.1070206      5.4787848E-02
 day             15        1800           2           1           2        1975           7                     1 hru0007           7.6579064E-02  0.1051080      5.3461030E-02
 day             16        2000           2           1           2        1975           7                     1 hru0007           7.4569263E-02  0.1041437      5.2798539E-02
 day              1          10           2           1           2        1975           8                     1 hru0008           5.0000001E-02  0.1000000      3.9999999E-02
 day              2          25           2           1           2        1975           8                     1 hru0008           0.2763413      0.1398350      8.0578782E-02
 day              3          50           2           1           2        1975           8                     1 hru0008           0.2613748      0.1388281      7.9691462E-02
 day              4         100           2           1           2        1975           8                     1 hru0008           0.2272955      0.1361150      7.7333935E-02
 day              5         150           2           1           2        1975           8                     1 hru0008           0.2043331      0.1338602      7.5411148E-02
 day              6         200           2           1           2        1975           8                     1 hru0008           0.1857429      0.1316988      7.3598243E-02
 day              7         300           2           1           2        1975           8                     1 hru0008           0.1587708      0.1278445      7.0436440E-02
 day              8         450           2           1           2        1975           8                     1 hru0008           0.1331483      0.1230713      6.6642411E-02
 day              9         600           2           1           2        1975           8                     1 hru0008           0.1169090      0.1192393      6.3689567E-02
 day             10         750           2           1           2        1975           8                     1 hru0008           0.1058024      0.1161273      6.1349869E-02
 day             11         900           2           1           2        1975           8                     1 hru0008           9.7804934E-02  0.1135759      5.9469510E-02
 day             12        1050           2           1           2        1975           8                     1 hru0008           9.1830477E-02  0.1114680      5.7940993E-02
 day             13        1200           2           1           2        1975           8                     1 hru0008           8.7243490E-02  0.1097154      5.6686942E-02
 day             14        1500           2           1           2        1975           8                     1 hru0008           8.0781229E-02  0.1070206      5.4787848E-02
 day             15        1800           2           1           2        1975           8                     1 hru0008           7.6579064E-02  0.1051080      5.3461030E-02
 day             16        2000           2           1           2        1975           8                     1 hru0008           7.4569263E-02  0.1041437      5.2798539E-02
 day              1          10           2           1           2        1975           9                     1 hru0009           5.0000001E-02  0.1000000      3.9999999E-02
 day              2          25           2           1           2        1975           9                     1 hru0009           0.2763442      0.1398351      8.0578946E-02
 day              3          50           2           1           2        1975           9                     1 hru0009           0.2613773      0.1388283      7.9691619E-02
 day              4         100           2           1           2        1975           9                     1 hru0009           0.2272993      0.1361153      7.7334240E-02
 day              5         150           2           1           2        1975           9                     1 hru0009           0.2043351      0.1338604      7.5411327E-02
 day              6         200           2           1           2        1975           9                     1 hru0009           0.1857428      0.1316988      7.3598236E-02
 day              7         300           2           1           2        1975           9                     1 hru0009           0.1587708      0.1278445      7.0436440E-02
 day              8         450           2           1           2        1975           9                     1 hru0009           0.1331483      0.1230713      6.6642411E-02
 day              9         600           2           1           2        1975           9                     1 hru0009           0.1169090      0.1192393      6.3689567E-02
 day             10         750           2           1           2        1975           9                     1 hru0009           0.1058024      0.1161273      6.1349869E-02
 day             11         900           2           1           2        1975           9                     1 hru0009           9.7804934E-02  0.1135759      5.9469510E-02
 day             12        1050           2           1           2        1975           9                     1 hru0009           9.1830477E-02  0.1114680      5.7940993E-02
 day             13        1200           2           1           2        1975           9                     1 hru0009           8.7243490E-02  0.1097154      5.6686949E-02
 day             14        1500           2           1           2        1975           9                     1 hru0009           8.0781229E-02  0.1070206      5.4787848E-02
 day             15        1800           2           1           2        1975           9                     1 hru0009           7.6579064E-02  0.1051080      5.3461030E-02
 day             16        2000           2           1           2        1975           9                     1 hru0009           7.4569263E-02  0.1041437      5.2798539E-02
 day              1          10           2           1           2        1975          10                     1 hru0010           5.0000001E-02  0.1000000      3.9999999E-02
 day              2          25           2           1           2        1975          10                     1 hru0010           0.2763436      0.1398351      8.0578916E-02
 day              3          50           2           1           2        1975          10                     1 hru0010           0.2613770      0.1388283      7.9691596E-02
 day              4         100           2           1           2        1975          10                     1 hru0010           0.2273010      0.1361154      7.7334359E-02
 day              5         150           2           1           2        1975          10                     1 hru0010           0.2043355      0.1338605      7.5411364E-02
 day              6         200           2           1           2        1975          10                     1 hru0010           0.1857428      0.1316988      7.3598236E-02
 day              7         300           2           1           2        1975          10                     1 hru0010           0.1587708      0.1278445      7.0436440E-02
 day              8         450           2           1           2        1975          10                     1 hru0010           0.1331483      0.1230713      6.6642411E-02
 day              9         600           2           1           2        1975          10                     1 hru0010           0.1169090      0.1192393      6.3689567E-02
 day             10         750           2           1           2        1975          10                     1 hru0010           0.1058024      0.1161273      6.1349869E-02
 day             11         900           2           1           2        1975          10                     1 hru0010           9.7804934E-02  0.1135759      5.9469510E-02
 day             12        1050           2           1           2        1975          10                     1 hru0010           9.1830477E-02  0.1114680      5.7940993E-02
 day             13        1200           2           1           2        1975          10                     1 hru0010           8.7243497E-02  0.1097154      5.6686949E-02
 day             14        1500           2           1           2        1975          10                     1 hru0010           8.0781229E-02  0.1070206      5.4787848E-02
 day             15        1800           2           1           2        1975          10                     1 hru0010           7.6579064E-02  0.1051080      5.3461030E-02
 day             16        2000           2           1           2        1975          10                     1 hru0010           7.4569263E-02  0.1041437      5.2798539E-02
 day              1          10           2           1           2        1975          11                     1 hru0011           5.0000001E-02  0.1000000      3.9999999E-02
 day              2          25           2           1           2        1975          11                     1 hru0011           0.2763439      0.1398351      8.0578931E-02
 day              3          50           2           1           2        1975          11                     1 hru0011           0.2613772      0.1388283      7.9691611E-02
 day              4         100           2           1           2        1975          11                     1 hru0011           0.2272990      0.1361153      7.7334203E-02
 day              5         150           2           1           2        1975          11                     1 hru0011           0.2043342      0.1338603      7.5411245E-02
 day              6         200           2           1           2        1975          11                     1 hru0011           0.1857429      0.1316988      7.3598243E-02
 day              7         300           2           1           2        1975          11                     1 hru0011           0.1587708      0.1278445      7.0436440E-02
 day              8         450           2           1           2        1975          11                     1 hru0011           0.1331483      0.1230713      6.6642411E-02
 day              9         600           2           1           2        1975          11                     1 hru0011           0.1169090      0.1192393      6.3689567E-02
 day             10         750           2           1           2        1975          11                     1 hru0011           0.1058024      0.1161273      6.1349869E-02
 day             11         900           2           1           2        1975          11                     1 hru0011           9.7804926E-02  0.1135759      5.9469510E-02
 day             12        1050           2           1           2        1975          11                     1 hru0011           9.1830477E-02  0.1114680      5.7940993E-02
 day             13        1200           2           1           2        1975          11                     1 hru0011           8.7243490E-02  0.1097154      5.6686949E-02
 day             14        1500           2           1           2        1975          11                     1 hru0011           8.0781229E-02  0.1070206      5.4787848E-02
 day             15        1800           2           1           2        1975          11                     1 hru0011           7.6579064E-02  0.1051080      5.3461030E-02
 day             16        2000           2           1           2        1975          11                     1 hru0011           7.4569263E-02  0.1041437      5.2798539E-02
 day              1          10           2           1           2        1975          12                     1 hru0012           5.0000001E-02  0.1000000      3.9999999E-02
 day              2          25           2           1           2        1975          12                     1 hru0012           0.2763437      0.1398351      8.0578923E-02
 day              3          50           2           1           2        1975          12                     1 hru0012           0.2613770      0.1388283      7.9691596E-02
 day              4         100           2           1           2        1975          12                     1 hru0012           0.2272981      0.1361152      7.7334136E-02
 day              5         150           2           1           2        1975          12                     1 hru0012           0.2043344      0.1338603      7.5411268E-02
 day              6         200           2           1           2        1975          12                     1 hru0012           0.1857429      0.1316988      7.3598243E-02
 day              7         300           2           1           2        1975          12                     1 hru0012           0.1587708      0.1278445      7.0436440E-02
 day              8         450           2           1           2        1975          12                     1 hru0012           0.1331483      0.1230713      6.6642411E-02
 day              9         600           2           1           2        1975          12                     1 hru0012           0.1169090      0.1192393      6.3689567E-02
 day             10         750           2           1           2        1975          12                     1 hru0012           0.1058024      0.1161273      6.1349869E-02
 day             11         900           2           1           2        1975          12                     1 hru0012           9.7804934E-02  0.1135759      5.9469510E-02
 day             12        1050           2           1           2        1975          12                     1 hru0012           9.1830477E-02  0.1114680      5.7940993E-02
 day             13        1200           2           1           2        1975          12                     1 hru0012           8.7243497E-02  0.1097154      5.6686949E-02
 day             14        1500           2           1           2        1975          12                     1 hru0012           8.0781229E-02  0.1070206      5.4787848E-02
 day             15        1800           2           1           2        1975          12                     1 hru0012           7.6579064E-02  0.1051080      5.3461030E-02
 day             16        2000           2           1           2        1975          12                     1 hru0012           7.4569263E-02  0.1041437      5.2798539E-02
