 demo                      SWAT+ 2026-07-13        MODULAR Rev 2026.cb442f7c05fc3bfc34349c446010f452d2737c
 freq       soil_lyr  soil_depth        jday         mon         day          yr        unit                gis_id    name                 asp            abp          abco2          a1co2          asco2          apco2
 day              1          10           1           1           1        1975           1                     1 hru0001           9.7200004E-03  4.8110001E-02  0.6000000      0.5500000      0.5500000      0.5500000    
 day              2          25           1           1           1        1975           1                     1 hru0001           9.7199995E-03  4.8110001E-02  0.5500000      0.5500000      0.5500000      0.4760000    
 day              3          50           1           1           1        1975           1                     1 hru0001           9.7199995E-03  4.8110001E-02  0.5500000      0.5500000      0.5500000      0.4760000    
 day              4         100           1           1           1        1975           1                     1 hru0001           9.7199995E-03  4.8110001E-02  0.5500000      0.5500000      0.5500000      0.4760000    
 day              5         150           1           1           1        1975           1                     1 hru0001           9.7199995E-03  4.8110001E-02  0.5500000      0.5500000      0.5500000      0.4760000    
 day              6         200           1           1           1        1975           1                     1 hru0001           9.7199995E-03  4.8110001E-02  0.5500000      0.5500000      0.5500000      0.4760000    
 day              7         300           1           1           1        1975           1                     1 hru0001           9.7199995E-03  4.8110001E-02  0.5500000      0.5500000      0.5500000      0.4760000    
 day              8         450           1           1           1        1975           1                     1 hru0001           9.7199995E-03  4.8110001E-02  0.5500000      0.5500000      0.5500000      0.4760000    
 day              9         600           1           1           1        1975           1                     1 hru0001           9.7199995E-03  4.8110001E-02  0.5500000      0.5500000      0.5500000      0.4760000    
 day             10         750           1           1           1        1975           1                     1 hru0001           9.7199995E-03  4.8110001E-02  0.5500000      0.5500000      0.5500000      0.4760000    
 day             11         900           1           1           1        1975           1                     1 hru0001           8.9520002E-03  4.8326001E-02  0.5500000      0.5500000      0.5500000      0.4868800    
 day             12        1050           1           1           1        1975           1                     1 hru0001           7.7999998E-03  4.8650000E-02  0.5500000      0.5500000      0.5500000      0.5032000    
 day             13        1200           1           1           1        1975           1                     1 hru0001           7.7999998E-03  4.8650000E-02  0.5500000      0.5500000      0.5500000      0.5032000    
 day             14        1500           1           1           1        1975           1                     1 hru0001           7.7999998E-03  4.8650000E-02  0.5500000      0.5500000      0.5500000      0.5032000    
 day             15        1800           1           1           1        1975           1                     1 hru0001           7.7999998E-03  4.8650000E-02  0.5500000      0.5500000      0.5500000      0.5032000    
 day             16        2000           1           1           1        1975           1                     1 hru0001           7.7999998E-03  4.8650000E-02  0.5500000      0.5500000      0.5500000      0.5032000    
 day              1          10           1           1           1        1975           2                     1 hru0002           9.7199995E-03  4.8110001E-02  0.6000000      0.5500000      0.5500000      0.5500000    
 day              2          25           1           1           1        1975           2                     1 hru0002           9.7199995E-03  4.8110001E-02  0.5500000      0.5500000      0.5500000      0.4760000    
 day              3          50           1           1           1        1975           2                     1 hru0002           9.7199995E-03  4.8110001E-02  0.5500000      0.5500000      0.5500000      0.4760000    
 day              4         100           1           1           1        1975           2                     1 hru0002           9.7199995E-03  4.8110001E-02  0.5500000      0.5500000      0.5500000      0.4760000    
 day              5         150           1           1           1        1975           2                     1 hru0002           9.7199995E-03  4.8110001E-02  0.5500000      0.5500000      0.5500000      0.4760000    
 day              6         200           1           1           1        1975           2                     1 hru0002           9.7199995E-03  4.8110001E-02  0.5500000      0.5500000      0.5500000      0.4760000    
 day              7         300           1           1           1        1975           2                     1 hru0002           9.7199995E-03  4.8110001E-02  0.5500000      0.5500000      0.5500000      0.4760000    
 day              8         450           1           1           1        1975           2                     1 hru0002           9.7199995E-03  4.8110001E-02  0.5500000      0.5500000      0.5500000      0.4760000    
 day              9         600           1           1           1        1975           2                     1 hru0002           9.7199995E-03  4.8110001E-02  0.5500000      0.5500000      0.5500000      0.4760000    
 day             10         750           1           1           1        1975           2                     1 hru0002           9.7199995E-03  4.8110001E-02  0.5500000      0.5500000      0.5500000      0.4760000    
 day             11         900           1           1           1        1975           2                     1 hru0002           8.9520002E-03  4.8326001E-02  0.5500000      0.5500000      0.5500000      0.4868800    
 day             12        1050           1           1           1        1975           2                     1 hru0002           7.7999998E-03  4.8650000E-02  0.5500000      0.5500000      0.5500000      0.5032000    
 day             13        1200           1           1           1        1975           2                     1 hru0002           7.7999998E-03  4.8650000E-02  0.5500000      0.5500000      0.5500000      0.5032000    
 day             14        1500           1           1           1        1975           2                     1 hru0002           7.7999998E-03  4.8650000E-02  0.5500000      0.5500000      0.5500000      0.5032000    
 day             15        1800           1           1           1        1975           2                     1 hru0002           7.7999998E-03  4.8650000E-02  0.5500000      0.5500000      0.5500000      0.5032000    
 day             16        2000           1           1           1        1975           2                     1 hru0002           7.7999998E-03  4.8650000E-02  0.5500000      0.5500000      0.5500000      0.5032000    
 day              1          10           1           1           1        1975           3                     1 hru0003           9.7199995E-03  4.8110001E-02  0.6000000      0.5500000      0.5500000      0.5500000    
 day              2          25           1           1           1        1975           3                     1 hru0003           9.7199995E-03  4.8110001E-02  0.5500000      0.5500000      0.5500000      0.4760000    
 day              3          50           1           1           1        1975           3                     1 hru0003           9.7199995E-03  4.8110001E-02  0.5500000      0.5500000      0.5500000      0.4760000    
 day              4         100           1           1           1        1975           3                     1 hru0003           9.7199995E-03  4.8110001E-02  0.5500000      0.5500000      0.5500000      0.4760000    
 day              5         150           1           1           1        1975           3                     1 hru0003           9.7199995E-03  4.8110001E-02  0.5500000      0.5500000      0.5500000      0.4760000    
 day              6         200           1           1           1        1975           3                     1 hru0003           9.7199995E-03  4.8110001E-02  0.5500000      0.5500000      0.5500000      0.4760000    
 day              7         300           1           1           1        1975           3                     1 hru0003           9.7199995E-03  4.8110001E-02  0.5500000      0.5500000      0.5500000      0.4760000    
 day              8         450           1           1           1        1975           3                     1 hru0003           9.7199995E-03  4.8110001E-02  0.5500000      0.5500000      0.5500000      0.4760000    
 day              9         600           1           1           1        1975           3                     1 hru0003           9.7199995E-03  4.8110001E-02  0.5500000      0.5500000      0.5500000      0.4760000    
 day             10         750           1           1           1        1975           3                     1 hru0003           9.7199995E-03  4.8110001E-02  0.5500000      0.5500000      0.5500000      0.4760000    
 day             11         900           1           1           1        1975           3                     1 hru0003           8.9520002E-03  4.8326001E-02  0.5500000      0.5500000      0.5500000      0.4868800    
 day             12        1050           1           1           1        1975           3                     1 hru0003           7.7999998E-03  4.8650000E-02  0.5500000      0.5500000      0.5500000      0.5032000    
 day             13        1200           1           1           1        1975           3                     1 hru0003           7.7999998E-03  4.8650000E-02  0.5500000      0.5500000      0.5500000      0.5032000    
 day             14        1500           1           1           1        1975           3                     1 hru0003           7.7999998E-03  4.8650000E-02  0.5500000      0.5500000      0.5500000      0.5032000    
 day             15        1800           1           1           1        1975           3                     1 hru0003           7.7999998E-03  4.8650000E-02  0.5500000      0.5500000      0.5500000      0.5032000    
 day             16        2000           1           1           1        1975           3                     1 hru0003           7.7999998E-03  4.8650000E-02  0.5500000      0.5500000      0.5500000      0.5032000    
 day              1          10           1           1           1        1975           4                     1 hru0004           9.7199995E-03  4.8110001E-02  0.6000000      0.5500000      0.5500000      0.5500000    
 day              2          25           1           1           1        1975           4                     1 hru0004           9.7199995E-03  4.8110001E-02  0.5500000      0.5500000      0.5500000      0.4760000    
 day              3          50           1           1           1        1975           4                     1 hru0004           9.7199995E-03  4.8110001E-02  0.5500000      0.5500000      0.5500000      0.4760000    
 day              4         100           1           1           1        1975           4                     1 hru0004           9.7199995E-03  4.8110001E-02  0.5500000      0.5500000      0.5500000      0.4760000    
 day              5         150           1           1           1        1975           4                     1 hru0004           9.7199995E-03  4.8110001E-02  0.5500000      0.5500000      0.5500000      0.4760000    
 day              6         200           1           1           1        1975           4                     1 hru0004           9.7199995E-03  4.8110001E-02  0.5500000      0.5500000      0.5500000      0.4760000    
 day              7         300           1           1           1        1975           4                     1 hru0004           9.7199995E-03  4.8110001E-02  0.5500000      0.5500000      0.5500000      0.4760000    
 day              8         450           1           1           1        1975           4                     1 hru0004           9.7199995E-03  4.8110001E-02  0.5500000      0.5500000      0.5500000      0.4760000    
 day              9         600           1           1           1        1975           4                     1 hru0004           9.7199995E-03  4.8110001E-02  0.5500000      0.5500000      0.5500000      0.4760000    
 day             10         750           1           1           1        1975           4                     1 hru0004           9.7199995E-03  4.8110001E-02  0.5500000      0.5500000      0.5500000      0.4760000    
 day             11         900           1           1           1        1975           4                     1 hru0004           8.9520002E-03  4.8326001E-02  0.5500000      0.5500000      0.5500000      0.4868800    
 day             12        1050           1           1           1        1975           4                     1 hru0004           7.7999998E-03  4.8650000E-02  0.5500000      0.5500000      0.5500000      0.5032000    
 day             13        1200           1           1           1        1975           4                     1 hru0004           7.7999998E-03  4.8650000E-02  0.5500000      0.5500000      0.5500000      0.5032000    
 day             14        1500           1           1           1        1975           4                     1 hru0004           7.7999998E-03  4.8650000E-02  0.5500000      0.5500000      0.5500000      0.5032000    
 day             15        1800           1           1           1        1975           4                     1 hru0004           7.7999998E-03  4.8650000E-02  0.5500000      0.5500000      0.5500000      0.5032000    
 day             16        2000           1           1           1        1975           4                     1 hru0004           7.7999998E-03  4.8650000E-02  0.5500000      0.5500000      0.5500000      0.5032000    
 day              1          10           1           1           1        1975           5                     1 hru0005           9.7200004E-03  4.8110001E-02  0.6000000      0.5500000      0.5500000      0.5500000    
 day              2          25           1           1           1        1975           5                     1 hru0005           9.7199995E-03  4.8110001E-02  0.5500000      0.5500000      0.5500000      0.4760000    
 day              3          50           1           1           1        1975           5                     1 hru0005           9.7199995E-03  4.8110001E-02  0.5500000      0.5500000      0.5500000      0.4760000    
 day              4         100           1           1           1        1975           5                     1 hru0005           9.7199995E-03  4.8110001E-02  0.5500000      0.5500000      0.5500000      0.4760000    
 day              5         150           1           1           1        1975           5                     1 hru0005           9.7199995E-03  4.8110001E-02  0.5500000      0.5500000      0.5500000      0.4760000    
 day              6         200           1           1           1        1975           5                     1 hru0005           9.7199995E-03  4.8110001E-02  0.5500000      0.5500000      0.5500000      0.4760000    
 day              7         300           1           1           1        1975           5                     1 hru0005           9.7199995E-03  4.8110001E-02  0.5500000      0.5500000      0.5500000      0.4760000    
 day              8         450           1           1           1        1975           5                     1 hru0005           9.7199995E-03  4.8110001E-02  0.5500000      0.5500000      0.5500000      0.4760000    
 day              9         600           1           1           1        1975           5                     1 hru0005           9.7199995E-03  4.8110001E-02  0.5500000      0.5500000      0.5500000      0.4760000    
 day             10         750           1           1           1        1975           5                     1 hru0005           9.7199995E-03  4.8110001E-02  0.5500000      0.5500000      0.5500000      0.4760000    
 day             11         900           1           1           1        1975           5                     1 hru0005           8.9520002E-03  4.8326001E-02  0.5500000      0.5500000      0.5500000      0.4868800    
 day             12        1050           1           1           1        1975           5                     1 hru0005           7.7999998E-03  4.8650000E-02  0.5500000      0.5500000      0.5500000      0.5032000    
 day             13        1200           1           1           1        1975           5                     1 hru0005           7.7999998E-03  4.8650000E-02  0.5500000      0.5500000      0.5500000      0.5032000    
 day             14        1500           1           1           1        1975           5                     1 hru0005           7.7999998E-03  4.8650000E-02  0.5500000      0.5500000      0.5500000      0.5032000    
 day             15        1800           1           1           1        1975           5                     1 hru0005           7.7999998E-03  4.8650000E-02  0.5500000      0.5500000      0.5500000      0.5032000    
 day             16        2000           1           1           1        1975           5                     1 hru0005           7.7999998E-03  4.8650000E-02  0.5500000      0.5500000      0.5500000      0.5032000    
 day              1          10           1           1           1        1975           6                     1 hru0006           9.7200004E-03  4.8110001E-02  0.6000000      0.5500000      0.5500000      0.5500000    
 day              2          25           1           1           1        1975           6                     1 hru0006           9.7200004E-03  4.8110001E-02  0.5500000      0.5500000      0.5500000      0.4760000    
 day              3          50           1           1           1        1975           6                     1 hru0006           9.7200004E-03  4.8110001E-02  0.5500000      0.5500000      0.5500000      0.4760001    
 day              4         100           1           1           1        1975           6                     1 hru0006           9.7199995E-03  4.8110001E-02  0.5500000      0.5500000      0.5500000      0.4760000    
 day              5         150           1           1           1        1975           6                     1 hru0006           9.7199995E-03  4.8110001E-02  0.5500000      0.5500000      0.5500000      0.4760000    
 day              6         200           1           1           1        1975           6                     1 hru0006           9.7199995E-03  4.8110001E-02  0.5500000      0.5500000      0.5500000      0.4760000    
 day              7         300           1           1           1        1975           6                     1 hru0006           9.7199995E-03  4.8110001E-02  0.5500000      0.5500000      0.5500000      0.4760000    
 day              8         450           1           1           1        1975           6                     1 hru0006           9.7199995E-03  4.8110001E-02  0.5500000      0.5500000      0.5500000      0.4760000    
 day              9         600           1           1           1        1975           6                     1 hru0006           9.7199995E-03  4.8110001E-02  0.5500000      0.5500000      0.5500000      0.4760000    
 day             10         750           1           1           1        1975           6                     1 hru0006           9.7199995E-03  4.8110001E-02  0.5500000      0.5500000      0.5500000      0.4760000    
 day             11         900           1           1           1        1975           6                     1 hru0006           8.9520002E-03  4.8326001E-02  0.5500000      0.5500000      0.5500000      0.4868800    
 day             12        1050           1           1           1        1975           6                     1 hru0006           7.7999998E-03  4.8650000E-02  0.5500000      0.5500000      0.5500000      0.5032000    
 day             13        1200           1           1           1        1975           6                     1 hru0006           7.7999998E-03  4.8650000E-02  0.5500000      0.5500000      0.5500000      0.5032000    
 day             14        1500           1           1           1        1975           6                     1 hru0006           7.7999998E-03  4.8650000E-02  0.5500000      0.5500000      0.5500000      0.5032000    
 day             15        1800           1           1           1        1975           6                     1 hru0006           7.7999998E-03  4.8650000E-02  0.5500000      0.5500000      0.5500000      0.5032000    
 day             16        2000           1           1           1        1975           6                     1 hru0006           7.7999998E-03  4.8650000E-02  0.5500000      0.5500000      0.5500000      0.5032000    
 day              1          10           1           1           1        1975           7                     1 hru0007           9.7199995E-03  4.8110001E-02  0.6000000      0.5500000      0.5500000      0.5500000    
 day              2          25           1           1           1        1975           7                     1 hru0007           9.7199995E-03  4.8110001E-02  0.5500000      0.5500000      0.5500000      0.4760000    
 day              3          50           1           1           1        1975           7                     1 hru0007           9.7200004E-03  4.8110001E-02  0.5500000      0.5500000      0.5500000      0.4760000    
 day              4         100           1           1           1        1975           7                     1 hru0007           9.7199995E-03  4.8110001E-02  0.5500000      0.5500000      0.5500000      0.4760000    
 day              5         150           1           1           1        1975           7                     1 hru0007           9.7199995E-03  4.8110001E-02  0.5500000      0.5500000      0.5500000      0.4760000    
 day              6         200           1           1           1        1975           7                     1 hru0007           9.7199995E-03  4.8110001E-02  0.5500000      0.5500000      0.5500000      0.4760000    
 day              7         300           1           1           1        1975           7                     1 hru0007           9.7199995E-03  4.8110001E-02  0.5500000      0.5500000      0.5500000      0.4760000    
 day              8         450           1           1           1        1975           7                     1 hru0007           9.7199995E-03  4.8110001E-02  0.5500000      0.5500000      0.5500000      0.4760000    
 day              9         600           1           1           1        1975           7                     1 hru0007           9.7199995E-03  4.8110001E-02  0.5500000      0.5500000      0.5500000      0.4760000    
 day             10         750           1           1           1        1975           7                     1 hru0007           9.7199995E-03  4.8110001E-02  0.5500000      0.5500000      0.5500000      0.4760000    
 day             11         900           1           1           1        1975           7                     1 hru0007           8.9520002E-03  4.8326001E-02  0.5500000      0.5500000      0.5500000      0.4868800    
 day             12        1050           1           1           1        1975           7                     1 hru0007           7.7999998E-03  4.8650000E-02  0.5500000      0.5500000      0.5500000      0.5032000    
 day             13        1200           1           1           1        1975           7                     1 hru0007           7.7999998E-03  4.8650000E-02  0.5500000      0.5500000      0.5500000      0.5032000    
 day             14        1500           1           1           1        1975           7                     1 hru0007           7.7999998E-03  4.8650000E-02  0.5500000      0.5500000      0.5500000      0.5032000    
 day             15        1800           1           1           1        1975           7                     1 hru0007           7.7999998E-03  4.8650000E-02  0.5500000      0.5500000      0.5500000      0.5032000    
 day             16        2000           1           1           1        1975           7                     1 hru0007           7.7999998E-03  4.8650000E-02  0.5500000      0.5500000      0.5500000      0.5032000    
 day              1          10           1           1           1        1975           8                     1 hru0008           9.7199995E-03  4.8110001E-02  0.6000000      0.5500000      0.5500000      0.5500000    
 day              2          25           1           1           1        1975           8                     1 hru0008           9.7199995E-03  4.8110001E-02  0.5500000      0.5500000      0.5500000      0.4760000    
 day              3          50           1           1           1        1975           8                     1 hru0008           9.7199995E-03  4.8110001E-02  0.5500000      0.5500000      0.5500000      0.4760000    
 day              4         100           1           1           1        1975           8                     1 hru0008           9.7199995E-03  4.8110001E-02  0.5500000      0.5500000      0.5500000      0.4760000    
 day              5         150           1           1           1        1975           8                     1 hru0008           9.7199995E-03  4.8110001E-02  0.5500000      0.5500000      0.5500000      0.4760000    
 day              6         200           1           1           1        1975           8                     1 hru0008           9.7199995E-03  4.8110001E-02  0.5500000      0.5500000      0.5500000      0.4760000    
 day              7         300           1           1           1        1975           8                     1 hru0008           9.7199995E-03  4.8110001E-02  0.5500000      0.5500000      0.5500000      0.4760000    
 day              8         450           1           1           1        1975           8                     1 hru0008           9.7199995E-03  4.8110001E-02  0.5500000      0.5500000      0.5500000      0.4760000    
 day              9         600           1           1           1        1975           8                     1 hru0008           9.7199995E-03  4.8110001E-02  0.5500000      0.5500000      0.5500000      0.4760000    
 day             10         750           1           1           1        1975           8                     1 hru0008           9.7199995E-03  4.8110001E-02  0.5500000      0.5500000      0.5500000      0.4760000    
 day             11         900           1           1           1        1975           8                     1 hru0008           8.9520002E-03  4.8326001E-02  0.5500000      0.5500000      0.5500000      0.4868800    
 day             12        1050           1           1           1        1975           8                     1 hru0008           7.7999998E-03  4.8650000E-02  0.5500000      0.5500000      0.5500000      0.5032000    
 day             13        1200           1           1           1        1975           8                     1 hru0008           7.7999998E-03  4.8650000E-02  0.5500000      0.5500000      0.5500000      0.5032000    
 day             14        1500           1           1           1        1975           8                     1 hru0008           7.7999998E-03  4.8650000E-02  0.5500000      0.5500000      0.5500000      0.5032000    
 day             15        1800           1           1           1        1975           8                     1 hru0008           7.7999998E-03  4.8650000E-02  0.5500000      0.5500000      0.5500000      0.5032000    
 day             16        2000           1           1           1        1975           8                     1 hru0008           7.7999998E-03  4.8650000E-02  0.5500000      0.5500000      0.5500000      0.5032000    
 day              1          10           1           1           1        1975           9                     1 hru0009           9.7199995E-03  4.8110001E-02  0.6000000      0.5500000      0.5500000      0.5500000    
 day              2          25           1           1           1        1975           9                     1 hru0009           9.7199995E-03  4.8110001E-02  0.5500000      0.5500000      0.5500000      0.4760000    
 day              3          50           1           1           1        1975           9                     1 hru0009           9.7200004E-03  4.8110001E-02  0.5500000      0.5500000      0.5500000      0.4760000    
 day              4         100           1           1           1        1975           9                     1 hru0009           9.7199995E-03  4.8110001E-02  0.5500000      0.5500000      0.5500000      0.4760000    
 day              5         150           1           1           1        1975           9                     1 hru0009           9.7199995E-03  4.8110001E-02  0.5500000      0.5500000      0.5500000      0.4760000    
 day              6         200           1           1           1        1975           9                     1 hru0009           9.7199995E-03  4.8110001E-02  0.5500000      0.5500000      0.5500000      0.4760000    
 day              7         300           1           1           1        1975           9                     1 hru0009           9.7199995E-03  4.8110001E-02  0.5500000      0.5500000      0.5500000      0.4760000    
 day              8         450           1           1           1        1975           9                     1 hru0009           9.7199995E-03  4.8110001E-02  0.5500000      0.5500000      0.5500000      0.4760000    
 day              9         600           1           1           1        1975           9                     1 hru0009           9.7199995E-03  4.8110001E-02  0.5500000      0.5500000      0.5500000      0.4760000    
 day             10         750           1           1           1        1975           9                     1 hru0009           9.7199995E-03  4.8110001E-02  0.5500000      0.5500000      0.5500000      0.4760000    
 day             11         900           1           1           1        1975           9                     1 hru0009           8.9520002E-03  4.8326001E-02  0.5500000      0.5500000      0.5500000      0.4868800    
 day             12        1050           1           1           1        1975           9                     1 hru0009           7.7999998E-03  4.8650000E-02  0.5500000      0.5500000      0.5500000      0.5032000    
 day             13        1200           1           1           1        1975           9                     1 hru0009           7.7999998E-03  4.8650000E-02  0.5500000      0.5500000      0.5500000      0.5032000    
 day             14        1500           1           1           1        1975           9                     1 hru0009           7.7999998E-03  4.8650000E-02  0.5500000      0.5500000      0.5500000      0.5032000    
 day             15        1800           1           1           1        1975           9                     1 hru0009           7.7999998E-03  4.8650000E-02  0.5500000      0.5500000      0.5500000      0.5032000    
 day             16        2000           1           1           1        1975           9                     1 hru0009           7.7999998E-03  4.8650000E-02  0.5500000      0.5500000      0.5500000      0.5032000    
 day              1          10           1           1           1        1975          10                     1 hru0010           9.7200004E-03  4.8110001E-02  0.6000000      0.5500000      0.5500000      0.5500000    
 day              2          25           1           1           1        1975          10                     1 hru0010           9.7199995E-03  4.8110001E-02  0.5500000      0.5500000      0.5500000      0.4760000    
 day              3          50           1           1           1        1975          10                     1 hru0010           9.7199995E-03  4.8110001E-02  0.5500000      0.5500000      0.5500000      0.4760000    
 day              4         100           1           1           1        1975          10                     1 hru0010           9.7199995E-03  4.8110001E-02  0.5500000      0.5500000      0.5500000      0.4760000    
 day              5         150           1           1           1        1975          10                     1 hru0010           9.7199995E-03  4.8110001E-02  0.5500000      0.5500000      0.5500000      0.4760000    
 day              6         200           1           1           1        1975          10                     1 hru0010           9.7199995E-03  4.8110001E-02  0.5500000      0.5500000      0.5500000      0.4760000    
 day              7         300           1           1           1        1975          10                     1 hru0010           9.7199995E-03  4.8110001E-02  0.5500000      0.5500000      0.5500000      0.4760000    
 day              8         450           1           1           1        1975          10                     1 hru0010           9.7199995E-03  4.8110001E-02  0.5500000      0.5500000      0.5500000      0.4760000    
 day              9         600           1           1           1        1975          10                     1 hru0010           9.7199995E-03  4.8110001E-02  0.5500000      0.5500000      0.5500000      0.4760000    
 day             10         750           1           1           1        1975          10                     1 hru0010           9.7199995E-03  4.8110001E-02  0.5500000      0.5500000      0.5500000      0.4760000    
 day             11         900           1           1           1        1975          10                     1 hru0010           8.9520002E-03  4.8326001E-02  0.5500000      0.5500000      0.5500000      0.4868800    
 day             12        1050           1           1           1        1975          10                     1 hru0010           7.7999998E-03  4.8650000E-02  0.5500000      0.5500000      0.5500000      0.5032000    
 day             13        1200           1           1           1        1975          10                     1 hru0010           7.7999998E-03  4.8650000E-02  0.5500000      0.5500000      0.5500000      0.5032000    
 day             14        1500           1           1           1        1975          10                     1 hru0010           7.7999998E-03  4.8650000E-02  0.5500000      0.5500000      0.5500000      0.5032000    
 day             15        1800           1           1           1        1975          10                     1 hru0010           7.7999998E-03  4.8650000E-02  0.5500000      0.5500000      0.5500000      0.5032000    
 day             16        2000           1           1           1        1975          10                     1 hru0010           7.7999998E-03  4.8650000E-02  0.5500000      0.5500000      0.5500000      0.5032000    
 day              1          10           1           1           1        1975          11                     1 hru0011           9.7199995E-03  4.8110001E-02  0.6000000      0.5500000      0.5500000      0.5500000    
 day              2          25           1           1           1        1975          11                     1 hru0011           9.7200004E-03  4.8110001E-02  0.5500000      0.5500000      0.5500000      0.4760000    
 day              3          50           1           1           1        1975          11                     1 hru0011           9.7199986E-03  4.8110001E-02  0.5500000      0.5500000      0.5500000      0.4760000    
 day              4         100           1           1           1        1975          11                     1 hru0011           9.7199995E-03  4.8110001E-02  0.5500000      0.5500000      0.5500000      0.4760000    
 day              5         150           1           1           1        1975          11                     1 hru0011           9.7199995E-03  4.8110001E-02  0.5500000      0.5500000      0.5500000      0.4760000    
 day              6         200           1           1           1        1975          11                     1 hru0011           9.7199995E-03  4.8110001E-02  0.5500000      0.5500000      0.5500000      0.4760000    
 day              7         300           1           1           1        1975          11                     1 hru0011           9.7199995E-03  4.8110001E-02  0.5500000      0.5500000      0.5500000      0.4760000    
 day              8         450           1           1           1        1975          11                     1 hru0011           9.7199995E-03  4.8110001E-02  0.5500000      0.5500000      0.5500000      0.4760000    
 day              9         600           1           1           1        1975          11                     1 hru0011           9.7199995E-03  4.8110001E-02  0.5500000      0.5500000      0.5500000      0.4760000    
 day             10         750           1           1           1        1975          11                     1 hru0011           9.7199995E-03  4.8110001E-02  0.5500000      0.5500000      0.5500000      0.4760000    
 day             11         900           1           1           1        1975          11                     1 hru0011           8.9520002E-03  4.8326001E-02  0.5500000      0.5500000      0.5500000      0.4868800    
 day             12        1050           1           1           1        1975          11                     1 hru0011           7.7999998E-03  4.8650000E-02  0.5500000      0.5500000      0.5500000      0.5032000    
 day             13        1200           1           1           1        1975          11                     1 hru0011           7.7999998E-03  4.8650000E-02  0.5500000      0.5500000      0.5500000      0.5032000    
 day             14        1500           1           1           1        1975          11                     1 hru0011           7.7999998E-03  4.8650000E-02  0.5500000      0.5500000      0.5500000      0.5032000    
 day             15        1800           1           1           1        1975          11                     1 hru0011           7.7999998E-03  4.8650000E-02  0.5500000      0.5500000      0.5500000      0.5032000    
 day             16        2000           1           1           1        1975          11                     1 hru0011           7.7999998E-03  4.8650000E-02  0.5500000      0.5500000      0.5500000      0.5032000    
 day              1          10           1           1           1        1975          12                     1 hru0012           9.7199995E-03  4.8110001E-02  0.6000000      0.5500000      0.5500000      0.5500000    
 day              2          25           1           1           1        1975          12                     1 hru0012           9.7199995E-03  4.8110001E-02  0.5500000      0.5500000      0.5500000      0.4760000    
 day              3          50           1           1           1        1975          12                     1 hru0012           9.7200004E-03  4.8110001E-02  0.5500000      0.5500000      0.5500000      0.4760001    
 day              4         100           1           1           1        1975          12                     1 hru0012           9.7199995E-03  4.8110001E-02  0.5500000      0.5500000      0.5500000      0.4760000    
 day              5         150           1           1           1        1975          12                     1 hru0012           9.7199995E-03  4.8110001E-02  0.5500000      0.5500000      0.5500000      0.4760000    
 day              6         200           1           1           1        1975          12                     1 hru0012           9.7199995E-03  4.8110001E-02  0.5500000      0.5500000      0.5500000      0.4760000    
 day              7         300           1           1           1        1975          12                     1 hru0012           9.7199995E-03  4.8110001E-02  0.5500000      0.5500000      0.5500000      0.4760000    
 day              8         450           1           1           1        1975          12                     1 hru0012           9.7199995E-03  4.8110001E-02  0.5500000      0.5500000      0.5500000      0.4760000    
 day              9         600           1           1           1        1975          12                     1 hru0012           9.7199995E-03  4.8110001E-02  0.5500000      0.5500000      0.5500000      0.4760000    
 day             10         750           1           1           1        1975          12                     1 hru0012           9.7199995E-03  4.8110001E-02  0.5500000      0.5500000      0.5500000      0.4760000    
 day             11         900           1           1           1        1975          12                     1 hru0012           8.9520002E-03  4.8326001E-02  0.5500000      0.5500000      0.5500000      0.4868800    
 day             12        1050           1           1           1        1975          12                     1 hru0012           7.7999998E-03  4.8650000E-02  0.5500000      0.5500000      0.5500000      0.5032000    
 day             13        1200           1           1           1        1975          12                     1 hru0012           7.7999998E-03  4.8650000E-02  0.5500000      0.5500000      0.5500000      0.5032000    
 day             14        1500           1           1           1        1975          12                     1 hru0012           7.7999998E-03  4.8650000E-02  0.5500000      0.5500000      0.5500000      0.5032000    
 day             15        1800           1           1           1        1975          12                     1 hru0012           7.7999998E-03  4.8650000E-02  0.5500000      0.5500000      0.5500000      0.5032000    
 day             16        2000           1           1           1        1975          12                     1 hru0012           7.7999998E-03  4.8650000E-02  0.5500000      0.5500000      0.5500000      0.5032000    
 day              1          10           2           1           2        1975           1                     1 hru0001           9.7200014E-03  4.8110001E-02  0.6000000      0.5500000      0.5500000      0.5500000    
 day              2          25           2           1           2        1975           1                     1 hru0001           9.7199995E-03  4.8110001E-02  0.5500000      0.5500000      0.5500000      0.4760000    
 day              3          50           2           1           2        1975           1                     1 hru0001           9.7199986E-03  4.8110001E-02  0.5500000      0.5500000      0.5500000      0.4760000    
 day              4         100           2           1           2        1975           1                     1 hru0001           9.7199995E-03  4.8110001E-02  0.5500000      0.5500000      0.5500000      0.4760000    
 day              5         150           2           1           2        1975           1                     1 hru0001           9.7199995E-03  4.8110001E-02  0.5500000      0.5500000      0.5500000      0.4760000    
 day              6         200           2           1           2        1975           1                     1 hru0001           9.7199995E-03  4.8110001E-02  0.5500000      0.5500000      0.5500000      0.4760000    
 day              7         300           2           1           2        1975           1                     1 hru0001           9.7199995E-03  4.8110001E-02  0.5500000      0.5500000      0.5500000      0.4760000    
 day              8         450           2           1           2        1975           1                     1 hru0001           9.7199995E-03  4.8110001E-02  0.5500000      0.5500000      0.5500000      0.4760000    
 day              9         600           2           1           2        1975           1                     1 hru0001           9.7199995E-03  4.8110001E-02  0.5500000      0.5500000      0.5500000      0.4760000    
 day             10         750           2           1           2        1975           1                     1 hru0001           9.7199995E-03  4.8110001E-02  0.5500000      0.5500000      0.5500000      0.4760000    
 day             11         900           2           1           2        1975           1                     1 hru0001           8.9520002E-03  4.8326001E-02  0.5500000      0.5500000      0.5500000      0.4868800    
 day             12        1050           2           1           2        1975           1                     1 hru0001           7.7999998E-03  4.8650000E-02  0.5500000      0.5500000      0.5500000      0.5032000    
 day             13        1200           2           1           2        1975           1                     1 hru0001           7.7999998E-03  4.8650000E-02  0.5500000      0.5500000      0.5500000      0.5032000    
 day             14        1500           2           1           2        1975           1                     1 hru0001           7.7999998E-03  4.8650000E-02  0.5500000      0.5500000      0.5500000      0.5032000    
 day             15        1800           2           1           2        1975           1                     1 hru0001           7.7999998E-03  4.8650000E-02  0.5500000      0.5500000      0.5500000      0.5032000    
 day             16        2000           2           1           2        1975           1                     1 hru0001           7.7999998E-03  4.8650000E-02  0.5500000      0.5500000      0.5500000      0.5032000    
 day              1          10           2           1           2        1975           2                     1 hru0002           9.7199995E-03  4.8110001E-02  0.6000000      0.5500000      0.5500000      0.5500000    
 day              2          25           2           1           2        1975           2                     1 hru0002           9.7199995E-03  4.8110001E-02  0.5500000      0.5500000      0.5500000      0.4760000    
 day              3          50           2           1           2        1975           2                     1 hru0002           9.7199995E-03  4.8110001E-02  0.5500000      0.5500000      0.5500000      0.4760000    
 day              4         100           2           1           2        1975           2                     1 hru0002           9.7199995E-03  4.8110001E-02  0.5500000      0.5500000      0.5500000      0.4760000    
 day              5         150           2           1           2        1975           2                     1 hru0002           9.7199995E-03  4.8110001E-02  0.5500000      0.5500000      0.5500000      0.4760000    
 day              6         200           2           1           2        1975           2                     1 hru0002           9.7199995E-03  4.8110001E-02  0.5500000      0.5500000      0.5500000      0.4760000    
 day              7         300           2           1           2        1975           2                     1 hru0002           9.7199995E-03  4.8110001E-02  0.5500000      0.5500000      0.5500000      0.4760000    
 day              8         450           2           1           2        1975           2                     1 hru0002           9.7199995E-03  4.8110001E-02  0.5500000      0.5500000      0.5500000      0.4760000    
 day              9         600           2           1           2        1975           2                     1 hru0002           9.7199995E-03  4.8110001E-02  0.5500000      0.5500000      0.5500000      0.4760000    
 day             10         750           2           1           2        1975           2                     1 hru0002           9.7199995E-03  4.8110001E-02  0.5500000      0.5500000      0.5500000      0.4760000    
 day             11         900           2           1           2        1975           2                     1 hru0002           8.9520002E-03  4.8326001E-02  0.5500000      0.5500000      0.5500000      0.4868800    
 day             12        1050           2           1           2        1975           2                     1 hru0002           7.7999998E-03  4.8650000E-02  0.5500000      0.5500000      0.5500000      0.5032000    
 day             13        1200           2           1           2        1975           2                     1 hru0002           7.7999998E-03  4.8650000E-02  0.5500000      0.5500000      0.5500000      0.5032000    
 day             14        1500           2           1           2        1975           2                     1 hru0002           7.7999998E-03  4.8650000E-02  0.5500000      0.5500000      0.5500000      0.5032000    
 day             15        1800           2           1           2        1975           2                     1 hru0002           7.7999998E-03  4.8650000E-02  0.5500000      0.5500000      0.5500000      0.5032000    
 day             16        2000           2           1           2        1975           2                     1 hru0002           7.7999998E-03  4.8650000E-02  0.5500000      0.5500000      0.5500000      0.5032000    
 day              1          10           2           1           2        1975           3                     1 hru0003           9.7199995E-03  4.8110001E-02  0.6000000      0.5500000      0.5500000      0.5500000    
 day              2          25           2           1           2        1975           3                     1 hru0003           9.7199995E-03  4.8110001E-02  0.5500000      0.5500000      0.5500000      0.4760000    
 day              3          50           2           1           2        1975           3                     1 hru0003           9.7199986E-03  4.8110001E-02  0.5500000      0.5500000      0.5500000      0.4760000    
 day              4         100           2           1           2        1975           3                     1 hru0003           9.7199995E-03  4.8110001E-02  0.5500000      0.5500000      0.5500000      0.4760000    
 day              5         150           2           1           2        1975           3                     1 hru0003           9.7199995E-03  4.8110001E-02  0.5500000      0.5500000      0.5500000      0.4760000    
 day              6         200           2           1           2        1975           3                     1 hru0003           9.7199995E-03  4.8110001E-02  0.5500000      0.5500000      0.5500000      0.4760000    
 day              7         300           2           1           2        1975           3                     1 hru0003           9.7199995E-03  4.8110001E-02  0.5500000      0.5500000      0.5500000      0.4760000    
 day              8         450           2           1           2        1975           3                     1 hru0003           9.7199995E-03  4.8110001E-02  0.5500000      0.5500000      0.5500000      0.4760000    
 day              9         600           2           1           2        1975           3                     1 hru0003           9.7199995E-03  4.8110001E-02  0.5500000      0.5500000      0.5500000      0.4760000    
 day             10         750           2           1           2        1975           3                     1 hru0003           9.7199995E-03  4.8110001E-02  0.5500000      0.5500000      0.5500000      0.4760000    
 day             11         900           2           1           2        1975           3                     1 hru0003           8.9520002E-03  4.8326001E-02  0.5500000      0.5500000      0.5500000      0.4868800    
 day             12        1050           2           1           2        1975           3                     1 hru0003           7.7999998E-03  4.8650000E-02  0.5500000      0.5500000      0.5500000      0.5032000    
 day             13        1200           2           1           2        1975           3                     1 hru0003           7.7999998E-03  4.8650000E-02  0.5500000      0.5500000      0.5500000      0.5032000    
 day             14        1500           2           1           2        1975           3                     1 hru0003           7.7999998E-03  4.8650000E-02  0.5500000      0.5500000      0.5500000      0.5032000    
 day             15        1800           2           1           2        1975           3                     1 hru0003           7.7999998E-03  4.8650000E-02  0.5500000      0.5500000      0.5500000      0.5032000    
 day             16        2000           2           1           2        1975           3                     1 hru0003           7.7999998E-03  4.8650000E-02  0.5500000      0.5500000      0.5500000      0.5032000    
 day              1          10           2           1           2        1975           4                     1 hru0004           9.7199995E-03  4.8110001E-02  0.6000000      0.5500000      0.5500000      0.5500000    
 day              2          25           2           1           2        1975           4                     1 hru0004           9.7199995E-03  4.8110001E-02  0.5500000      0.5500000      0.5500000      0.4760001    
 day              3          50           2           1           2        1975           4                     1 hru0004           9.7199995E-03  4.8110001E-02  0.5500000      0.5500000      0.5500000      0.4760000    
 day              4         100           2           1           2        1975           4                     1 hru0004           9.7199995E-03  4.8110001E-02  0.5500000      0.5500000      0.5500000      0.4760000    
 day              5         150           2           1           2        1975           4                     1 hru0004           9.7199995E-03  4.8110001E-02  0.5500000      0.5500000      0.5500000      0.4760000    
 day              6         200           2           1           2        1975           4                     1 hru0004           9.7199995E-03  4.8110001E-02  0.5500000      0.5500000      0.5500000      0.4760000    
 day              7         300           2           1           2        1975           4                     1 hru0004           9.7199995E-03  4.8110001E-02  0.5500000      0.5500000      0.5500000      0.4760000    
 day              8         450           2           1           2        1975           4                     1 hru0004           9.7199995E-03  4.8110001E-02  0.5500000      0.5500000      0.5500000      0.4760000    
 day              9         600           2           1           2        1975           4                     1 hru0004           9.7199995E-03  4.8110001E-02  0.5500000      0.5500000      0.5500000      0.4760000    
 day             10         750           2           1           2        1975           4                     1 hru0004           9.7199995E-03  4.8110001E-02  0.5500000      0.5500000      0.5500000      0.4760000    
 day             11         900           2           1           2        1975           4                     1 hru0004           8.9520002E-03  4.8326001E-02  0.5500000      0.5500000      0.5500000      0.4868800    
 day             12        1050           2           1           2        1975           4                     1 hru0004           7.7999998E-03  4.8650000E-02  0.5500000      0.5500000      0.5500000      0.5032000    
 day             13        1200           2           1           2        1975           4                     1 hru0004           7.7999998E-03  4.8650000E-02  0.5500000      0.5500000      0.5500000      0.5032000    
 day             14        1500           2           1           2        1975           4                     1 hru0004           7.7999998E-03  4.8650000E-02  0.5500000      0.5500000      0.5500000      0.5032000    
 day             15        1800           2           1           2        1975           4                     1 hru0004           7.7999998E-03  4.8650000E-02  0.5500000      0.5500000      0.5500000      0.5032000    
 day             16        2000           2           1           2        1975           4                     1 hru0004           7.7999998E-03  4.8650000E-02  0.5500000      0.5500000      0.5500000      0.5032000    
 day              1          10           2           1           2        1975           5                     1 hru0005           9.7200014E-03  4.8110001E-02  0.6000000      0.5500000      0.5500000      0.5500000    
 day              2          25           2           1           2        1975           5                     1 hru0005           9.7199995E-03  4.8110001E-02  0.5500000      0.5500000      0.5500000      0.4760000    
 day              3          50           2           1           2        1975           5                     1 hru0005           9.7200004E-03  4.8110001E-02  0.5500000      0.5500000      0.5500000      0.4760000    
 day              4         100           2           1           2        1975           5                     1 hru0005           9.7199995E-03  4.8110001E-02  0.5500000      0.5500000      0.5500000      0.4760000    
 day              5         150           2           1           2        1975           5                     1 hru0005           9.7199995E-03  4.8110001E-02  0.5500000      0.5500000      0.5500000      0.4760000    
 day              6         200           2           1           2        1975           5                     1 hru0005           9.7199995E-03  4.8110001E-02  0.5500000      0.5500000      0.5500000      0.4760000    
 day              7         300           2           1           2        1975           5                     1 hru0005           9.7199995E-03  4.8110001E-02  0.5500000      0.5500000      0.5500000      0.4760000    
 day              8         450           2           1           2        1975           5                     1 hru0005           9.7199995E-03  4.8110001E-02  0.5500000      0.5500000      0.5500000      0.4760000    
 day              9         600           2           1           2        1975           5                     1 hru0005           9.7199995E-03  4.8110001E-02  0.5500000      0.5500000      0.5500000      0.4760000    
 day             10         750           2           1           2        1975           5                     1 hru0005           9.7199995E-03  4.8110001E-02  0.5500000      0.5500000      0.5500000      0.4760000    
 day             11         900           2           1           2        1975           5                     1 hru0005           8.9520002E-03  4.8326001E-02  0.5500000      0.5500000      0.5500000      0.4868800    
 day             12        1050           2           1           2        1975           5                     1 hru0005           7.7999998E-03  4.8650000E-02  0.5500000      0.5500000      0.5500000      0.5032000    
 day             13        1200           2           1           2        1975           5                     1 hru0005           7.7999998E-03  4.8650000E-02  0.5500000      0.5500000      0.5500000      0.5032000    
 day             14        1500           2           1           2        1975           5                     1 hru0005           7.7999998E-03  4.8650000E-02  0.5500000      0.5500000      0.5500000      0.5032000    
 day             15        1800           2           1           2        1975           5                     1 hru0005           7.7999998E-03  4.8650000E-02  0.5500000      0.5500000      0.5500000      0.5032000    
 day             16        2000           2           1           2        1975           5                     1 hru0005           7.7999998E-03  4.8650000E-02  0.5500000      0.5500000      0.5500000      0.5032000    
 day              1          10           2           1           2        1975           6                     1 hru0006           9.7199995E-03  4.8110001E-02  0.6000000      0.5500000      0.5500000      0.5500000    
 day              2          25           2           1           2        1975           6                     1 hru0006           9.7200004E-03  4.8110001E-02  0.5500000      0.5500000      0.5500000      0.4760000    
 day              3          50           2           1           2        1975           6                     1 hru0006           9.7200014E-03  4.8110001E-02  0.5500000      0.5500000      0.5500000      0.4760001    
 day              4         100           2           1           2        1975           6                     1 hru0006           9.7199995E-03  4.8110001E-02  0.5500000      0.5500000      0.5500000      0.4760000    
 day              5         150           2           1           2        1975           6                     1 hru0006           9.7199995E-03  4.8110001E-02  0.5500000      0.5500000      0.5500000      0.4760000    
 day              6         200           2           1           2        1975           6                     1 hru0006           9.7199995E-03  4.8110001E-02  0.5500000      0.5500000      0.5500000      0.4760000    
 day              7         300           2           1           2        1975           6                     1 hru0006           9.7199995E-03  4.8110001E-02  0.5500000      0.5500000      0.5500000      0.4760000    
 day              8         450           2           1           2        1975           6                     1 hru0006           9.7199995E-03  4.8110001E-02  0.5500000      0.5500000      0.5500000      0.4760000    
 day              9         600           2           1           2        1975           6                     1 hru0006           9.7199995E-03  4.8110001E-02  0.5500000      0.5500000      0.5500000      0.4760000    
 day             10         750           2           1           2        1975           6                     1 hru0006           9.7199995E-03  4.8110001E-02  0.5500000      0.5500000      0.5500000      0.4760000    
 day             11         900           2           1           2        1975           6                     1 hru0006           8.9520002E-03  4.8326001E-02  0.5500000      0.5500000      0.5500000      0.4868800    
 day             12        1050           2           1           2        1975           6                     1 hru0006           7.7999998E-03  4.8650000E-02  0.5500000      0.5500000      0.5500000      0.5032000    
 day             13        1200           2           1           2        1975           6                     1 hru0006           7.7999998E-03  4.8650000E-02  0.5500000      0.5500000      0.5500000      0.5032000    
 day             14        1500           2           1           2        1975           6                     1 hru0006           7.7999998E-03  4.8650000E-02  0.5500000      0.5500000      0.5500000      0.5032000    
 day             15        1800           2           1           2        1975           6                     1 hru0006           7.7999998E-03  4.8650000E-02  0.5500000      0.5500000      0.5500000      0.5032000    
 day             16        2000           2           1           2        1975           6                     1 hru0006           7.7999998E-03  4.8650000E-02  0.5500000      0.5500000      0.5500000      0.5032000    
 day              1          10           2           1           2        1975           7                     1 hru0007           9.7200004E-03  4.8110001E-02  0.6000000      0.5500000      0.5500000      0.5500000    
 day              2          25           2           1           2        1975           7                     1 hru0007           9.7199995E-03  4.8110001E-02  0.5500000      0.5500000      0.5500000      0.4760000    
 day              3          50           2           1           2        1975           7                     1 hru0007           9.7200014E-03  4.8110001E-02  0.5500000      0.5500000      0.5500000      0.4760000    
 day              4         100           2           1           2        1975           7                     1 hru0007           9.7199995E-03  4.8110001E-02  0.5500000      0.5500000      0.5500000      0.4760000    
 day              5         150           2           1           2        1975           7                     1 hru0007           9.7199995E-03  4.8110001E-02  0.5500000      0.5500000      0.5500000      0.4760000    
 day              6         200           2           1           2        1975           7                     1 hru0007           9.7199995E-03  4.8110001E-02  0.5500000      0.5500000      0.5500000      0.4760000    
 day              7         300           2           1           2        1975           7                     1 hru0007           9.7199995E-03  4.8110001E-02  0.5500000      0.5500000      0.5500000      0.4760000    
 day              8         450           2           1           2        1975           7                     1 hru0007           9.7199995E-03  4.8110001E-02  0.5500000      0.5500000      0.5500000      0.4760000    
 day              9         600           2           1           2        1975           7                     1 hru0007           9.7199995E-03  4.8110001E-02  0.5500000      0.5500000      0.5500000      0.4760000    
 day             10         750           2           1           2        1975           7                     1 hru0007           9.7199995E-03  4.8110001E-02  0.5500000      0.5500000      0.5500000      0.4760000    
 day             11         900           2           1           2        1975           7                     1 hru0007           8.9520002E-03  4.8326001E-02  0.5500000      0.5500000      0.5500000      0.4868800    
 day             12        1050           2           1           2        1975           7                     1 hru0007           7.7999998E-03  4.8650000E-02  0.5500000      0.5500000      0.5500000      0.5032000    
 day             13        1200           2           1           2        1975           7                     1 hru0007           7.7999998E-03  4.8650000E-02  0.5500000      0.5500000      0.5500000      0.5032000    
 day             14        1500           2           1           2        1975           7                     1 hru0007           7.7999998E-03  4.8650000E-02  0.5500000      0.5500000      0.5500000      0.5032000    
 day             15        1800           2           1           2        1975           7                     1 hru0007           7.7999998E-03  4.8650000E-02  0.5500000      0.5500000      0.5500000      0.5032000    
 day             16        2000           2           1           2        1975           7                     1 hru0007           7.7999998E-03  4.8650000E-02  0.5500000      0.5500000      0.5500000      0.5032000    
 day              1          10           2           1           2        1975           8                     1 hru0008           9.7199995E-03  4.8110001E-02  0.6000000      0.5500000      0.5500000      0.5500000    
 day              2          25           2           1           2        1975           8                     1 hru0008           9.7199995E-03  4.8110001E-02  0.5500000      0.5500000      0.5500000      0.4760000    
 day              3          50           2           1           2        1975           8                     1 hru0008           9.7199995E-03  4.8110001E-02  0.5500000      0.5500000      0.5500000      0.4760000    
 day              4         100           2           1           2        1975           8                     1 hru0008           9.7199995E-03  4.8110001E-02  0.5500000      0.5500000      0.5500000      0.4760000    
 day              5         150           2           1           2        1975           8                     1 hru0008           9.7199995E-03  4.8110001E-02  0.5500000      0.5500000      0.5500000      0.4760000    
 day              6         200           2           1           2        1975           8                     1 hru0008           9.7199995E-03  4.8110001E-02  0.5500000      0.5500000      0.5500000      0.4760000    
 day              7         300           2           1           2        1975           8                     1 hru0008           9.7199995E-03  4.8110001E-02  0.5500000      0.5500000      0.5500000      0.4760000    
 day              8         450           2           1           2        1975           8                     1 hru0008           9.7199995E-03  4.8110001E-02  0.5500000      0.5500000      0.5500000      0.4760000    
 day              9         600           2           1           2        1975           8                     1 hru0008           9.7199995E-03  4.8110001E-02  0.5500000      0.5500000      0.5500000      0.4760000    
 day             10         750           2           1           2        1975           8                     1 hru0008           9.7199995E-03  4.8110001E-02  0.5500000      0.5500000      0.5500000      0.4760000    
 day             11         900           2           1           2        1975           8                     1 hru0008           8.9520002E-03  4.8326001E-02  0.5500000      0.5500000      0.5500000      0.4868800    
 day             12        1050           2           1           2        1975           8                     1 hru0008           7.7999998E-03  4.8650000E-02  0.5500000      0.5500000      0.5500000      0.5032000    
 day             13        1200           2           1           2        1975           8                     1 hru0008           7.7999998E-03  4.8650000E-02  0.5500000      0.5500000      0.5500000      0.5032000    
 day             14        1500           2           1           2        1975           8                     1 hru0008           7.7999998E-03  4.8650000E-02  0.5500000      0.5500000      0.5500000      0.5032000    
 day             15        1800           2           1           2        1975           8                     1 hru0008           7.7999998E-03  4.8650000E-02  0.5500000      0.5500000      0.5500000      0.5032000    
 day             16        2000           2           1           2        1975           8                     1 hru0008           7.7999998E-03  4.8650000E-02  0.5500000      0.5500000      0.5500000      0.5032000    
 day              1          10           2           1           2        1975           9                     1 hru0009           9.7199995E-03  4.8110001E-02  0.6000000      0.5500000      0.5500000      0.5500000    
 day              2          25           2           1           2        1975           9                     1 hru0009           9.7199995E-03  4.8110001E-02  0.5500000      0.5500000      0.5500000      0.4760000    
 day              3          50           2           1           2        1975           9                     1 hru0009           9.7200004E-03  4.8110001E-02  0.5500000      0.5500000      0.5500000      0.4760000    
 day              4         100           2           1           2        1975           9                     1 hru0009           9.7199995E-03  4.8110001E-02  0.5500000      0.5500000      0.5500000      0.4760000    
 day              5         150           2           1           2        1975           9                     1 hru0009           9.7199995E-03  4.8110001E-02  0.5500000      0.5500000      0.5500000      0.4760000    
 day              6         200           2           1           2        1975           9                     1 hru0009           9.7199995E-03  4.8110001E-02  0.5500000      0.5500000      0.5500000      0.4760000    
 day              7         300           2           1           2        1975           9                     1 hru0009           9.7199995E-03  4.8110001E-02  0.5500000      0.5500000      0.5500000      0.4760000    
 day              8         450           2           1           2        1975           9                     1 hru0009           9.7199995E-03  4.8110001E-02  0.5500000      0.5500000      0.5500000      0.4760000    
 day              9         600           2           1           2        1975           9                     1 hru0009           9.7199995E-03  4.8110001E-02  0.5500000      0.5500000      0.5500000      0.4760000    
 day             10         750           2           1           2        1975           9                     1 hru0009           9.7199995E-03  4.8110001E-02  0.5500000      0.5500000      0.5500000      0.4760000    
 day             11         900           2           1           2        1975           9                     1 hru0009           8.9520002E-03  4.8326001E-02  0.5500000      0.5500000      0.5500000      0.4868800    
 day             12        1050           2           1           2        1975           9                     1 hru0009           7.7999998E-03  4.8650000E-02  0.5500000      0.5500000      0.5500000      0.5032000    
 day             13        1200           2           1           2        1975           9                     1 hru0009           7.7999998E-03  4.8650000E-02  0.5500000      0.5500000      0.5500000      0.5032000    
 day             14        1500           2           1           2        1975           9                     1 hru0009           7.7999998E-03  4.8650000E-02  0.5500000      0.5500000      0.5500000      0.5032000    
 day             15        1800           2           1           2        1975           9                     1 hru0009           7.7999998E-03  4.8650000E-02  0.5500000      0.5500000      0.5500000      0.5032000    
 day             16        2000           2           1           2        1975           9                     1 hru0009           7.7999998E-03  4.8650000E-02  0.5500000      0.5500000      0.5500000      0.5032000    
 day              1          10           2           1           2        1975          10                     1 hru0010           9.7200004E-03  4.8110001E-02  0.6000000      0.5500000      0.5500000      0.5500000    
 day              2          25           2           1           2        1975          10                     1 hru0010           9.7199995E-03  4.8110001E-02  0.5500000      0.5500000      0.5500000      0.4760000    
 day              3          50           2           1           2        1975          10                     1 hru0010           9.7199995E-03  4.8110001E-02  0.5500000      0.5500000      0.5500000      0.4760000    
 day              4         100           2           1           2        1975          10                     1 hru0010           9.7199995E-03  4.8110001E-02  0.5500000      0.5500000      0.5500000      0.4760000    
 day              5         150           2           1           2        1975          10                     1 hru0010           9.7199995E-03  4.8110001E-02  0.5500000      0.5500000      0.5500000      0.4760000    
 day              6         200           2           1           2        1975          10                     1 hru0010           9.7199995E-03  4.8110001E-02  0.5500000      0.5500000      0.5500000      0.4760000    
 day              7         300           2           1           2        1975          10                     1 hru0010           9.7199995E-03  4.8110001E-02  0.5500000      0.5500000      0.5500000      0.4760000    
 day              8         450           2           1           2        1975          10                     1 hru0010           9.7199995E-03  4.8110001E-02  0.5500000      0.5500000      0.5500000      0.4760000    
 day              9         600           2           1           2        1975          10                     1 hru0010           9.7199995E-03  4.8110001E-02  0.5500000      0.5500000      0.5500000      0.4760000    
 day             10         750           2           1           2        1975          10                     1 hru0010           9.7199995E-03  4.8110001E-02  0.5500000      0.5500000      0.5500000      0.4760000    
 day             11         900           2           1           2        1975          10                     1 hru0010           8.9520002E-03  4.8326001E-02  0.5500000      0.5500000      0.5500000      0.4868800    
 day             12        1050           2           1           2        1975          10                     1 hru0010           7.7999998E-03  4.8650000E-02  0.5500000      0.5500000      0.5500000      0.5032000    
 day             13        1200           2           1           2        1975          10                     1 hru0010           7.7999998E-03  4.8650000E-02  0.5500000      0.5500000      0.5500000      0.5032000    
 day             14        1500           2           1           2        1975          10                     1 hru0010           7.7999998E-03  4.8650000E-02  0.5500000      0.5500000      0.5500000      0.5032000    
 day             15        1800           2           1           2        1975          10                     1 hru0010           7.7999998E-03  4.8650000E-02  0.5500000      0.5500000      0.5500000      0.5032000    
 day             16        2000           2           1           2        1975          10                     1 hru0010           7.7999998E-03  4.8650000E-02  0.5500000      0.5500000      0.5500000      0.5032000    
 day              1          10           2           1           2        1975          11                     1 hru0011           9.7199995E-03  4.8110001E-02  0.6000000      0.5500000      0.5500000      0.5500000    
 day              2          25           2           1           2        1975          11                     1 hru0011           9.7200004E-03  4.8110001E-02  0.5500000      0.5500000      0.5500000      0.4760000    
 day              3          50           2           1           2        1975          11                     1 hru0011           9.7199976E-03  4.8110001E-02  0.5500000      0.5500000      0.5500000      0.4760000    
 day              4         100           2           1           2        1975          11                     1 hru0011           9.7199995E-03  4.8110001E-02  0.5500000      0.5500000      0.5500000      0.4760000    
 day              5         150           2           1           2        1975          11                     1 hru0011           9.7199995E-03  4.8110001E-02  0.5500000      0.5500000      0.5500000      0.4760000    
 day              6         200           2           1           2        1975          11                     1 hru0011           9.7199995E-03  4.8110001E-02  0.5500000      0.5500000      0.5500000      0.4760000    
 day              7         300           2           1           2        1975          11                     1 hru0011           9.7199995E-03  4.8110001E-02  0.5500000      0.5500000      0.5500000      0.4760000    
 day              8         450           2           1           2        1975          11                     1 hru0011           9.7199995E-03  4.8110001E-02  0.5500000      0.5500000      0.5500000      0.4760000    
 day              9         600           2           1           2        1975          11                     1 hru0011           9.7199995E-03  4.8110001E-02  0.5500000      0.5500000      0.5500000      0.4760000    
 day             10         750           2           1           2        1975          11                     1 hru0011           9.7199995E-03  4.8110001E-02  0.5500000      0.5500000      0.5500000      0.4760000    
 day             11         900           2           1           2        1975          11                     1 hru0011           8.9520002E-03  4.8326001E-02  0.5500000      0.5500000      0.5500000      0.4868800    
 day             12        1050           2           1           2        1975          11                     1 hru0011           7.7999998E-03  4.8650000E-02  0.5500000      0.5500000      0.5500000      0.5032000    
 day             13        1200           2           1           2        1975          11                     1 hru0011           7.7999998E-03  4.8650000E-02  0.5500000      0.5500000      0.5500000      0.5032000    
 day             14        1500           2           1           2        1975          11                     1 hru0011           7.7999998E-03  4.8650000E-02  0.5500000      0.5500000      0.5500000      0.5032000    
 day             15        1800           2           1           2        1975          11                     1 hru0011           7.7999998E-03  4.8650000E-02  0.5500000      0.5500000      0.5500000      0.5032000    
 day             16        2000           2           1           2        1975          11                     1 hru0011           7.7999998E-03  4.8650000E-02  0.5500000      0.5500000      0.5500000      0.5032000    
 day              1          10           2           1           2        1975          12                     1 hru0012           9.7199995E-03  4.8110001E-02  0.6000000      0.5500000      0.5500000      0.5500000    
 day              2          25           2           1           2        1975          12                     1 hru0012           9.7199995E-03  4.8110001E-02  0.5500000      0.5500000      0.5500000      0.4760000    
 day              3          50           2           1           2        1975          12                     1 hru0012           9.7200014E-03  4.8110001E-02  0.5500000      0.5500000      0.5500000      0.4760001    
 day              4         100           2           1           2        1975          12                     1 hru0012           9.7199995E-03  4.8110001E-02  0.5500000      0.5500000      0.5500000      0.4760000    
 day              5         150           2           1           2        1975          12                     1 hru0012           9.7199995E-03  4.8110001E-02  0.5500000      0.5500000      0.5500000      0.4760000    
 day              6         200           2           1           2        1975          12                     1 hru0012           9.7199995E-03  4.8110001E-02  0.5500000      0.5500000      0.5500000      0.4760000    
 day              7         300           2           1           2        1975          12                     1 hru0012           9.7199995E-03  4.8110001E-02  0.5500000      0.5500000      0.5500000      0.4760000    
 day              8         450           2           1           2        1975          12                     1 hru0012           9.7199995E-03  4.8110001E-02  0.5500000      0.5500000      0.5500000      0.4760000    
 day              9         600           2           1           2        1975          12                     1 hru0012           9.7199995E-03  4.8110001E-02  0.5500000      0.5500000      0.5500000      0.4760000    
 day             10         750           2           1           2        1975          12                     1 hru0012           9.7199995E-03  4.8110001E-02  0.5500000      0.5500000      0.5500000      0.4760000    
 day             11         900           2           1           2        1975          12                     1 hru0012           8.9520002E-03  4.8326001E-02  0.5500000      0.5500000      0.5500000      0.4868800    
 day             12        1050           2           1           2        1975          12                     1 hru0012           7.7999998E-03  4.8650000E-02  0.5500000      0.5500000      0.5500000      0.5032000    
 day             13        1200           2           1           2        1975          12                     1 hru0012           7.7999998E-03  4.8650000E-02  0.5500000      0.5500000      0.5500000      0.5032000    
 day             14        1500           2           1           2        1975          12                     1 hru0012           7.7999998E-03  4.8650000E-02  0.5500000      0.5500000      0.5500000      0.5032000    
 day             15        1800           2           1           2        1975          12                     1 hru0012           7.7999998E-03  4.8650000E-02  0.5500000      0.5500000      0.5500000      0.5032000    
 day             16        2000           2           1           2        1975          12                     1 hru0012           7.7999998E-03  4.8650000E-02  0.5500000      0.5500000      0.5500000      0.5032000    
