 demo                      SWAT+ 2026-07-13        MODULAR Rev 2026.cb442f7c05fc3bfc34349c446010f452d2737c
 freq   soil_name           soil_lyr  soil_depth        jday         mon         day          yr        unit                gis_id    name                  bd            awc         soil_k         carbon           clay           silt           sand           rock            alb         usle_k             ec          caco3             ph
 begsim soil_01-h1                 1          10           0           1           1        1975           1                     1 hru0001            1.260000      0.2100000       33.01000       1.980000       21.00000       34.00000       45.00000       8.000000      0.1600000      0.2400000      0.0000000E+00   2.800000       5.670000    
 begsim soil_01-h1                 2          25           0           1           1        1975           1                     1 hru0001            1.260000      0.2100000       33.01000       1.980000       21.00000       34.00000       45.00000       8.000000      0.1600000      0.2400000      0.0000000E+00   2.800000       5.669999    
 begsim soil_01-h1                 3          50           0           1           1        1975           1                     1 hru0001            1.260000      0.2100000       33.01001       1.980000       21.00000       34.00000       45.00000       8.000000      0.1600000      0.2399999      0.0000000E+00   2.800000       5.669999    
 begsim soil_01-h1                 4         100           0           1           1        1975           1                     1 hru0001            1.419999      0.1800000       33.01001       1.330001       21.00000       34.00000       45.00000       8.000000      0.1599999      0.2799999      0.0000000E+00   2.800000       5.660002    
 begsim soil_01-h1                 5         150           0           1           1        1975           1                     1 hru0001            1.419999      0.1800000       33.01001       1.330001       21.00000       34.00000       45.00000       8.000000      0.1599999      0.2799999      0.0000000E+00   2.800000       5.660002    
 begsim soil_01-h1                 6         200           0           1           1        1975           1                     1 hru0001            1.500000      0.1800000       33.01001      0.7500000       21.00000       34.00000       45.00000       8.000000      0.1599999      0.3199999      0.0000000E+00   2.800000       6.600003    
 begsim soil_01-h1                 7         300           0           1           1        1975           1                     1 hru0001            1.500000      0.1800001       33.01001      0.7500000       21.00000       34.00000       45.00000       8.000000      0.1599999      0.3199998      0.0000000E+00   2.800000       6.599998    
 begsim soil_01-h1                 8         450           0           1           1        1975           1                     1 hru0001            1.500000      0.1800002       33.00997      0.7500000       21.00000       34.00000       45.00000       8.000000      0.1599999      0.3199998      0.0000000E+00   2.800000       6.599990    
 begsim soil_01-h1                 9         600           0           1           1        1975           1                     1 hru0001            1.500000      0.1800002       33.00997      0.7500000       21.00000       34.00000       45.00000       8.000000      0.1599999      0.3199998      0.0000000E+00   2.800000       6.599990    
 begsim soil_01-h1                10         750           0           1           1        1975           1                     1 hru0001            1.500000      0.1800002       33.00997      0.7500000       21.00000       34.00000       45.00000       8.000000      0.1599999      0.3199998      0.0000000E+00   2.800000       6.599990    
 begsim soil_01-h1                11         900           0           1           1        1975           1                     1 hru0001            1.540002      0.1800002       33.00997      0.5500000       18.60000       34.80000       46.60000       8.000000      0.1599999      0.3399996      0.0000000E+00   2.800000       7.160000    
 begsim soil_01-h1                12        1050           0           1           1        1975           1                     1 hru0001            1.600002      0.1800002       33.00997      0.2500000       15.00000       36.00000       49.00000       8.000000      0.1599999      0.3699998      0.0000000E+00   2.800000       8.000000    
 begsim soil_01-h1                13        1200           0           1           1        1975           1                     1 hru0001            1.600002      0.1800002       33.00997      0.2500000       15.00000       36.00000       49.00000       8.000000      0.1599999      0.3699998      0.0000000E+00   2.800000       8.000000    
 begsim soil_01-h1                14        1500           0           1           1        1975           1                     1 hru0001            1.600004      0.1800002       33.00986      0.2500000       15.00000       36.00000       49.00000       8.000000      0.1599999      0.3700010      0.0000000E+00   2.800000       8.000000    
 begsim soil_01-h1                15        1800           0           1           1        1975           1                     1 hru0001            1.600004      0.1800002       33.00986      0.2500000       15.00000       36.00000       49.00000       8.000000      0.1599999      0.3700010      0.0000000E+00   2.800000       8.000000    
 begsim soil_01-h1                16        2000           0           1           1        1975           1                     1 hru0001            1.600003      0.1800002       33.00992      0.2500000       15.00000       36.00000       49.00000       8.000000      0.1599999      0.3700001      0.0000000E+00   2.800000       8.000000    
 begsim soil_02                    1          10           0           1           1        1975           2                     1 hru0002            1.050000      0.2100000       33.01000       1.190000       21.00000       34.00000       45.00000       8.000000      0.1600000      0.2400000      0.0000000E+00   2.800000       5.670000    
 begsim soil_02                    2          25           0           1           1        1975           2                     1 hru0002            1.050000      0.2100000       33.01000       1.190000       21.00000       34.00000       45.00000       8.000000      0.1600000      0.2400000      0.0000000E+00   2.800000       5.669999    
 begsim soil_02                    3          50           0           1           1        1975           2                     1 hru0002            1.050000      0.2100000       33.01001       1.190000       21.00000       34.00000       45.00000       8.000000      0.1600000      0.2399999      0.0000000E+00   2.800000       5.669999    
 begsim soil_02                    4         100           0           1           1        1975           2                     1 hru0002            1.730001      0.1800000       33.01001       1.730001       21.00000       34.00000       45.00000       8.000000      0.1599999      0.2799999      0.0000000E+00   2.800000       5.660002    
 begsim soil_02                    5         150           0           1           1        1975           2                     1 hru0002            1.730001      0.1800000       33.01001       1.730001       21.00000       34.00000       45.00000       8.000000      0.1599999      0.2799999      0.0000000E+00   2.800000       5.660002    
 begsim soil_02                    6         200           0           1           1        1975           2                     1 hru0002            1.750000      0.1800000       33.01001      0.7500000       21.00000       34.00000       45.00000       8.000000      0.1599999      0.3199999      0.0000000E+00   2.800000       6.600003    
 begsim soil_02                    7         300           0           1           1        1975           2                     1 hru0002            1.750000      0.1800001       33.01001      0.7500000       21.00000       34.00000       45.00000       8.000000      0.1599999      0.3199998      0.0000000E+00   2.800000       6.599998    
 begsim soil_02                    8         450           0           1           1        1975           2                     1 hru0002            1.750000      0.1800002       33.00997      0.7500000       21.00000       34.00000       45.00000       8.000000      0.1599999      0.3199998      0.0000000E+00   2.800000       6.599990    
 begsim soil_02                    9         600           0           1           1        1975           2                     1 hru0002            1.750000      0.1800002       33.00997      0.7500000       21.00000       34.00000       45.00000       8.000000      0.1599999      0.3199998      0.0000000E+00   2.800000       6.599990    
 begsim soil_02                   10         750           0           1           1        1975           2                     1 hru0002            1.750000      0.1800002       33.00997      0.7500000       21.00000       34.00000       45.00000       8.000000      0.1599999      0.3199998      0.0000000E+00   2.800000       6.599990    
 begsim soil_02                   11         900           0           1           1        1975           2                     1 hru0002            1.830000      0.1800002       33.00997      0.5500000       18.60000       34.80000       46.60000       8.000000      0.1599999      0.3399996      0.0000000E+00   6.000000       7.160000    
 begsim soil_02                   12        1050           0           1           1        1975           2                     1 hru0002            1.950000      0.1800002       33.00997      0.2500000       15.00000       36.00000       49.00000       8.000000      0.1599999      0.3699998      0.0000000E+00   15.00000       8.000000    
 begsim soil_02                   13        1200           0           1           1        1975           2                     1 hru0002            1.950000      0.1800002       33.00997      0.2500000       15.00000       36.00000       49.00000       8.000000      0.1599999      0.3699998      0.0000000E+00   15.00000       8.000000    
 begsim soil_02                   14        1500           0           1           1        1975           2                     1 hru0002            1.950006      0.1800002       33.00986      0.2500000       15.00000       36.00000       49.00000       8.000000      0.1599999      0.3700010      0.0000000E+00   15.00000       8.000000    
 begsim soil_02                   15        1800           0           1           1        1975           2                     1 hru0002            1.950006      0.1800002       33.00986      0.2500000       15.00000       36.00000       49.00000       8.000000      0.1599999      0.3700010      0.0000000E+00   15.00000       8.000000    
 begsim soil_02                   16        2000           0           1           1        1975           2                     1 hru0002            1.950003      0.1800002       33.00992      0.2500000       15.00000       36.00000       49.00000       8.000000      0.1599999      0.3700001      0.0000000E+00   15.00000       8.000000    
 begsim soil_03-h3                 1          10           0           1           1        1975           3                     1 hru0003            1.410000      0.2100000       33.01000       4.200000       21.00000       34.00000       45.00000       8.000000      0.1600000      0.2400000      0.0000000E+00   2.800000       5.730000    
 begsim soil_03-h3                 2          25           0           1           1        1975           3                     1 hru0003            1.410000      0.2100000       33.01000       4.200000       21.00000       34.00000       45.00000       8.000000      0.1600000      0.2400000      0.0000000E+00   2.800000       5.730001    
 begsim soil_03-h3                 3          50           0           1           1        1975           3                     1 hru0003            1.410000      0.2100000       33.01001       4.199999       21.00000       34.00000       45.00000       8.000000      0.1600000      0.2399999      0.0000000E+00   2.800000       5.730001    
 begsim soil_03-h3                 4         100           0           1           1        1975           3                     1 hru0003            1.470001      0.1800000       33.01001       2.850000       21.00000       34.00000       45.00000       8.000000      0.1599999      0.2799999      0.0000000E+00   2.800000       5.880002    
 begsim soil_03-h3                 5         150           0           1           1        1975           3                     1 hru0003            1.470001      0.1800000       33.01001       2.850000       21.00000       34.00000       45.00000       8.000000      0.1599999      0.2799999      0.0000000E+00   2.800000       5.880002    
 begsim soil_03-h3                 6         200           0           1           1        1975           3                     1 hru0003            1.500000      0.1800000       33.01001      0.7500000       21.00000       34.00000       45.00000       8.000000      0.1599999      0.3199999      0.0000000E+00   2.800000       6.600003    
 begsim soil_03-h3                 7         300           0           1           1        1975           3                     1 hru0003            1.500000      0.1800001       33.01001      0.7500000       21.00000       34.00000       45.00000       8.000000      0.1599999      0.3199998      0.0000000E+00   2.800000       6.599998    
 begsim soil_03-h3                 8         450           0           1           1        1975           3                     1 hru0003            1.500000      0.1800002       33.00997      0.7500000       21.00000       34.00000       45.00000       8.000000      0.1599999      0.3199998      0.0000000E+00   2.800000       6.599990    
 begsim soil_03-h3                 9         600           0           1           1        1975           3                     1 hru0003            1.500000      0.1800002       33.00997      0.7500000       21.00000       34.00000       45.00000       8.000000      0.1599999      0.3199998      0.0000000E+00   2.800000       6.599990    
 begsim soil_03-h3                10         750           0           1           1        1975           3                     1 hru0003            1.500000      0.1800002       33.00997      0.7500000       21.00000       34.00000       45.00000       8.000000      0.1599999      0.3199998      0.0000000E+00   2.800000       6.599990    
 begsim soil_03-h3                11         900           0           1           1        1975           3                     1 hru0003            1.540002      0.1800002       33.00997      0.5500000       18.60000       34.80000       46.60000       8.000000      0.1599999      0.3399996      0.0000000E+00   6.000000       7.160000    
 begsim soil_03-h3                12        1050           0           1           1        1975           3                     1 hru0003            1.600002      0.1800002       33.00997      0.2500000       15.00000       36.00000       49.00000       8.000000      0.1599999      0.3699998      0.0000000E+00   15.00000       8.000000    
 begsim soil_03-h3                13        1200           0           1           1        1975           3                     1 hru0003            1.600002      0.1800002       33.00997      0.2500000       15.00000       36.00000       49.00000       8.000000      0.1599999      0.3699998      0.0000000E+00   15.00000       8.000000    
 begsim soil_03-h3                14        1500           0           1           1        1975           3                     1 hru0003            1.600004      0.1800002       33.00986      0.2500000       15.00000       36.00000       49.00000       8.000000      0.1599999      0.3700010      0.0000000E+00   15.00000       8.000000    
 begsim soil_03-h3                15        1800           0           1           1        1975           3                     1 hru0003            1.600004      0.1800002       33.00986      0.2500000       15.00000       36.00000       49.00000       8.000000      0.1599999      0.3700010      0.0000000E+00   15.00000       8.000000    
 begsim soil_03-h3                16        2000           0           1           1        1975           3                     1 hru0003            1.600003      0.1800002       33.00992      0.2500000       15.00000       36.00000       49.00000       8.000000      0.1599999      0.3700001      0.0000000E+00   15.00000       8.000000    
 begsim soil_04                    1          10           0           1           1        1975           4                     1 hru0004            1.290000      0.2100000       33.01000       4.250000       21.00000       34.00000       45.00000       8.000000      0.1600000      0.2400000      0.0000000E+00   2.800000       5.690000    
 begsim soil_04                    2          25           0           1           1        1975           4                     1 hru0004            1.290000      0.2100000       33.01000       4.250000       21.00000       34.00000       45.00000       8.000000      0.1600000      0.2400000      0.0000000E+00   2.800000       5.690000    
 begsim soil_04                    3          50           0           1           1        1975           4                     1 hru0004            1.290000      0.2100000       33.01001       4.250000       21.00000       34.00000       45.00000       8.000000      0.1600000      0.2399999      0.0000000E+00   2.800000       5.690001    
 begsim soil_04                    4         100           0           1           1        1975           4                     1 hru0004            1.330001      0.1800000       33.01001       3.179999       21.00000       34.00000       45.00000       8.000000      0.1599999      0.2799999      0.0000000E+00   2.800000       5.859998    
 begsim soil_04                    5         150           0           1           1        1975           4                     1 hru0004            1.330001      0.1800000       33.01001       3.179999       21.00000       34.00000       45.00000       8.000000      0.1599999      0.2799999      0.0000000E+00   2.800000       5.859998    
 begsim soil_04                    6         200           0           1           1        1975           4                     1 hru0004            1.550000      0.1800000       33.01001      0.7500000       21.00000       34.00000       45.00000       8.000000      0.1599999      0.3199999      0.0000000E+00   2.800000       6.600003    
 begsim soil_04                    7         300           0           1           1        1975           4                     1 hru0004            1.550002      0.1800001       33.01001      0.7500000       21.00000       34.00000       45.00000       8.000000      0.1599999      0.3199998      0.0000000E+00   2.800000       6.599998    
 begsim soil_04                    8         450           0           1           1        1975           4                     1 hru0004            1.550002      0.1800002       33.00997      0.7500000       21.00000       34.00000       45.00000       8.000000      0.1599999      0.3199998      0.0000000E+00   2.800000       6.599990    
 begsim soil_04                    9         600           0           1           1        1975           4                     1 hru0004            1.550002      0.1800002       33.00997      0.7500000       21.00000       34.00000       45.00000       8.000000      0.1599999      0.3199998      0.0000000E+00   2.800000       6.599990    
 begsim soil_04                   10         750           0           1           1        1975           4                     1 hru0004            1.550002      0.1800002       33.00997      0.7500000       21.00000       34.00000       45.00000       8.000000      0.1599999      0.3199998      0.0000000E+00   2.800000       6.599990    
 begsim soil_04                   11         900           0           1           1        1975           4                     1 hru0004            1.570003      0.1800002       33.00997      0.5500000       18.60000       34.80000       46.60000       8.000000      0.1599999      0.3399996      0.0000000E+00   6.000000       7.160000    
 begsim soil_04                   12        1050           0           1           1        1975           4                     1 hru0004            1.600002      0.1800002       33.00997      0.2500000       15.00000       36.00000       49.00000       8.000000      0.1599999      0.3699998      0.0000000E+00   15.00000       8.000000    
 begsim soil_04                   13        1200           0           1           1        1975           4                     1 hru0004            1.600002      0.1800002       33.00997      0.2500000       15.00000       36.00000       49.00000       8.000000      0.1599999      0.3699998      0.0000000E+00   15.00000       8.000000    
 begsim soil_04                   14        1500           0           1           1        1975           4                     1 hru0004            1.600004      0.1800002       33.00986      0.2500000       15.00000       36.00000       49.00000       8.000000      0.1599999      0.3700010      0.0000000E+00   15.00000       8.000000    
 begsim soil_04                   15        1800           0           1           1        1975           4                     1 hru0004            1.600004      0.1800002       33.00986      0.2500000       15.00000       36.00000       49.00000       8.000000      0.1599999      0.3700010      0.0000000E+00   15.00000       8.000000    
 begsim soil_04                   16        2000           0           1           1        1975           4                     1 hru0004            1.600003      0.1800002       33.00992      0.2500000       15.00000       36.00000       49.00000       8.000000      0.1599999      0.3700001      0.0000000E+00   15.00000       8.000000    
 begsim soil_05                    1          10           0           1           1        1975           5                     1 hru0005            1.440000      0.2100000       33.01000       4.880001       21.00000       34.00000       45.00000       8.000000      0.1600000      0.2400000      0.0000000E+00   2.800000       5.540000    
 begsim soil_05                    2          25           0           1           1        1975           5                     1 hru0005            1.440000      0.2100000       33.01000       4.880000       21.00000       34.00000       45.00000       8.000000      0.1600000      0.2400000      0.0000000E+00   2.800000       5.540000    
 begsim soil_05                    3          50           0           1           1        1975           5                     1 hru0005            1.440000      0.2100000       33.01001       4.879999       21.00000       34.00000       45.00000       8.000000      0.1600000      0.2399999      0.0000000E+00   2.800000       5.540000    
 begsim soil_05                    4         100           0           1           1        1975           5                     1 hru0005            1.419999      0.1800000       33.01001       2.900000       21.00000       34.00000       45.00000       8.000000      0.1599999      0.2799999      0.0000000E+00   2.800000       5.539998    
 begsim soil_05                    5         150           0           1           1        1975           5                     1 hru0005            1.419999      0.1800000       33.01001       2.900000       21.00000       34.00000       45.00000       8.000000      0.1599999      0.2799999      0.0000000E+00   2.800000       5.539998    
 begsim soil_05                    6         200           0           1           1        1975           5                     1 hru0005            1.520000      0.1800000       33.01001      0.7500000       21.00000       34.00000       45.00000       8.000000      0.1599999      0.3199999      0.0000000E+00   2.800000       6.600003    
 begsim soil_05                    7         300           0           1           1        1975           5                     1 hru0005            1.519999      0.1800001       33.01001      0.7500000       21.00000       34.00000       45.00000       8.000000      0.1599999      0.3199998      0.0000000E+00   2.800000       6.599998    
 begsim soil_05                    8         450           0           1           1        1975           5                     1 hru0005            1.520001      0.1800002       33.00997      0.7500000       21.00000       34.00000       45.00000       8.000000      0.1599999      0.3199998      0.0000000E+00   2.800000       6.599990    
 begsim soil_05                    9         600           0           1           1        1975           5                     1 hru0005            1.520001      0.1800002       33.00997      0.7500000       21.00000       34.00000       45.00000       8.000000      0.1599999      0.3199998      0.0000000E+00   2.800000       6.599990    
 begsim soil_05                   10         750           0           1           1        1975           5                     1 hru0005            1.520001      0.1800002       33.00997      0.7500000       21.00000       34.00000       45.00000       8.000000      0.1599999      0.3199998      0.0000000E+00   2.800000       6.599990    
 begsim soil_05                   11         900           0           1           1        1975           5                     1 hru0005            1.552002      0.1800002       33.00997      0.5500000       18.60000       35.20000       46.60000       8.000000      0.1599999      0.3399996      0.0000000E+00   6.000000       7.160000    
 begsim soil_05                   12        1050           0           1           1        1975           5                     1 hru0005            1.600002      0.1800002       33.00997      0.2500000       15.00000       37.00000       49.00000       8.000000      0.1599999      0.3699998      0.0000000E+00   15.00000       8.000000    
 begsim soil_05                   13        1200           0           1           1        1975           5                     1 hru0005            1.600002      0.1800002       33.00997      0.2500000       15.00000       37.00000       49.00000       8.000000      0.1599999      0.3699998      0.0000000E+00   15.00000       8.000000    
 begsim soil_05                   14        1500           0           1           1        1975           5                     1 hru0005            1.600004      0.1800002       33.00986      0.2500000       15.00000       37.00000       49.00000       8.000000      0.1599999      0.3700010      0.0000000E+00   15.00000       8.000000    
 begsim soil_05                   15        1800           0           1           1        1975           5                     1 hru0005            1.600004      0.1800002       33.00986      0.2500000       15.00000       37.00000       49.00000       8.000000      0.1599999      0.3700010      0.0000000E+00   15.00000       8.000000    
 begsim soil_05                   16        2000           0           1           1        1975           5                     1 hru0005            1.600003      0.1800002       33.00992      0.2500000       15.00000       37.00000       49.00000       8.000000      0.1599999      0.3700001      0.0000000E+00   15.00000       8.000000    
 begsim soil_06                    1          10           0           1           1        1975           6                     1 hru0006            1.390000      0.2100000       33.01000       4.880001       21.00000       34.00000       45.00000      0.0000000E+00  0.1600000      0.2400000      0.0000000E+00   2.800000       5.710000    
 begsim soil_06                    2          25           0           1           1        1975           6                     1 hru0006            1.390000      0.2100000       33.01000       4.880000       21.00000       34.00000       45.00000      0.0000000E+00  0.1600000      0.2400000      0.0000000E+00   2.800000       5.710000    
 begsim soil_06                    3          50           0           1           1        1975           6                     1 hru0006            1.390000      0.2100000       33.01001       4.879999       21.00000       34.00000       45.00000      0.0000000E+00  0.1600000      0.2399999      0.0000000E+00   2.800000       5.710000    
 begsim soil_06                    4         100           0           1           1        1975           6                     1 hru0006            1.410000      0.1800000       33.01001       3.360000       21.00000       34.00000       45.00000      0.0000000E+00  0.1599999      0.3800000      0.0000000E+00   2.800000       5.829999    
 begsim soil_06                    5         150           0           1           1        1975           6                     1 hru0006            1.410000      0.1800000       33.01001       3.360000       21.00000       34.00000       45.00000      0.0000000E+00  0.1599999      0.3800000      0.0000000E+00   2.800000       5.829999    
 begsim soil_06                    6         200           0           1           1        1975           6                     1 hru0006            1.550000      0.1800000       33.01001      0.7500000       21.00000       34.00000       45.00000      0.0000000E+00  0.1599999      0.3199999      0.0000000E+00   2.800000       6.600003    
 begsim soil_06                    7         300           0           1           1        1975           6                     1 hru0006            1.550002      0.1800001       33.01001      0.7500000       21.00000       34.00000       45.00000      0.0000000E+00  0.1599999      0.3199998      0.0000000E+00   2.800000       6.599998    
 begsim soil_06                    8         450           0           1           1        1975           6                     1 hru0006            1.550002      0.1800002       33.00997      0.7500000       21.00000       34.00000       45.00000      0.0000000E+00  0.1599999      0.3199998      0.0000000E+00   2.800000       6.599990    
 begsim soil_06                    9         600           0           1           1        1975           6                     1 hru0006            1.550002      0.1800002       33.00997      0.7500000       21.00000       34.00000       45.00000      0.0000000E+00  0.1599999      0.3199998      0.0000000E+00   2.800000       6.599990    
 begsim soil_06                   10         750           0           1           1        1975           6                     1 hru0006            1.550002      0.1800002       33.00997      0.7500000       21.00000       34.00000       45.00000      0.0000000E+00  0.1599999      0.3199998      0.0000000E+00   2.800000       6.599990    
 begsim soil_06                   11         900           0           1           1        1975           6                     1 hru0006            1.570003      0.1800002       33.00997      0.5500000       18.60000       34.80000       46.60000      0.0000000E+00  0.1599999      0.3399996      0.0000000E+00   6.000000       7.160000    
 begsim soil_06                   12        1050           0           1           1        1975           6                     1 hru0006            1.600002      0.1800002       33.00997      0.2500000       15.00000       36.00000       49.00000      0.0000000E+00  0.1599999      0.3699998      0.0000000E+00   15.00000       8.000000    
 begsim soil_06                   13        1200           0           1           1        1975           6                     1 hru0006            1.600002      0.1800002       33.00997      0.2500000       15.00000       36.00000       49.00000      0.0000000E+00  0.1599999      0.3699998      0.0000000E+00   15.00000       8.000000    
 begsim soil_06                   14        1500           0           1           1        1975           6                     1 hru0006            1.600004      0.1800002       33.00986      0.2500000       15.00000       36.00000       49.00000      0.0000000E+00  0.1599999      0.3700010      0.0000000E+00   15.00000       8.000000    
 begsim soil_06                   15        1800           0           1           1        1975           6                     1 hru0006            1.600004      0.1800002       33.00986      0.2500000       15.00000       36.00000       49.00000      0.0000000E+00  0.1599999      0.3700010      0.0000000E+00   15.00000       8.000000    
 begsim soil_06                   16        2000           0           1           1        1975           6                     1 hru0006            1.600003      0.1800002       33.00992      0.2500000       15.00000       36.00000       49.00000      0.0000000E+00  0.1599999      0.3700001      0.0000000E+00   15.00000       8.000000    
 begsim soil_07                    1          10           0           1           1        1975           7                     1 hru0007            1.160000      0.2100000       33.01000       1.990000       21.00000       34.00000       45.00000      0.0000000E+00  0.1600000      0.2400000      0.0000000E+00   2.800000       5.750000    
 begsim soil_07                    2          25           0           1           1        1975           7                     1 hru0007            1.160000      0.2100000       33.01000       1.990000       21.00000       34.00000       45.00000      0.0000000E+00  0.1600000      0.2400000      0.0000000E+00   2.800000       5.750000    
 begsim soil_07                    3          50           0           1           1        1975           7                     1 hru0007            1.160000      0.2100000       33.01001       1.990000       21.00000       34.00000       45.00000      0.0000000E+00  0.1600000      0.2399999      0.0000000E+00   2.800000       5.750000    
 begsim soil_07                    4         100           0           1           1        1975           7                     1 hru0007            1.390000      0.1800000       33.01001       1.209999       21.00000       34.00000       45.00000      0.0000000E+00  0.1599999      0.2799999      0.0000000E+00   2.800000       5.809999    
 begsim soil_07                    5         150           0           1           1        1975           7                     1 hru0007            1.390000      0.1800000       33.01001       1.209999       21.00000       34.00000       45.00000      0.0000000E+00  0.1599999      0.2799999      0.0000000E+00   2.800000       5.809999    
 begsim soil_07                    6         200           0           1           1        1975           7                     1 hru0007            1.500000      0.1800000       33.01001      0.7500000       21.00000       34.00000       45.00000      0.0000000E+00  0.1599999      0.3199999      0.0000000E+00   2.800000       6.600003    
 begsim soil_07                    7         300           0           1           1        1975           7                     1 hru0007            1.500000      0.1800001       33.01001      0.7500000       21.00000       34.00000       45.00000      0.0000000E+00  0.1599999      0.3199998      0.0000000E+00   2.800000       6.599998    
 begsim soil_07                    8         450           0           1           1        1975           7                     1 hru0007            1.500000      0.1800002       33.00997      0.7500000       21.00000       34.00000       45.00000      0.0000000E+00  0.1599999      0.3199998      0.0000000E+00   2.800000       6.599990    
 begsim soil_07                    9         600           0           1           1        1975           7                     1 hru0007            1.500000      0.1800002       33.00997      0.7500000       21.00000       34.00000       45.00000      0.0000000E+00  0.1599999      0.3199998      0.0000000E+00   2.800000       6.599990    
 begsim soil_07                   10         750           0           1           1        1975           7                     1 hru0007            1.500000      0.1800002       33.00997      0.7500000       21.00000       34.00000       45.00000      0.0000000E+00  0.1599999      0.3199998      0.0000000E+00   2.800000       6.599990    
 begsim soil_07                   11         900           0           1           1        1975           7                     1 hru0007            1.540002      0.1800002       33.00997      0.5500000       18.60000       34.80000       46.60000      0.0000000E+00  0.1599999      0.3399996      0.0000000E+00   6.000000       7.160000    
 begsim soil_07                   12        1050           0           1           1        1975           7                     1 hru0007            1.600002      0.1800002       33.00997      0.2500000       15.00000       36.00000       49.00000      0.0000000E+00  0.1599999      0.3699998      0.0000000E+00   15.00000       8.000000    
 begsim soil_07                   13        1200           0           1           1        1975           7                     1 hru0007            1.600002      0.1800002       33.00997      0.2500000       15.00000       36.00000       49.00000      0.0000000E+00  0.1599999      0.3699998      0.0000000E+00   15.00000       8.000000    
 begsim soil_07                   14        1500           0           1           1        1975           7                     1 hru0007            1.600004      0.1800002       33.00986      0.2500000       15.00000       36.00000       49.00000      0.0000000E+00  0.1599999      0.3700010      0.0000000E+00   15.00000       8.000000    
 begsim soil_07                   15        1800           0           1           1        1975           7                     1 hru0007            1.600004      0.1800002       33.00986      0.2500000       15.00000       36.00000       49.00000      0.0000000E+00  0.1599999      0.3700010      0.0000000E+00   15.00000       8.000000    
 begsim soil_07                   16        2000           0           1           1        1975           7                     1 hru0007            1.600003      0.1800002       33.00992      0.2500000       15.00000       36.00000       49.00000      0.0000000E+00  0.1599999      0.3700001      0.0000000E+00   15.00000       8.000000    
 begsim soil_08                    1          10           0           1           1        1975           8                     1 hru0008           0.8000001      0.2100000       33.01000      0.9100000       21.00000       34.00000       45.00000      0.0000000E+00  0.1600000      0.2400000      0.0000000E+00   2.800000       5.710000    
 begsim soil_08                    2          25           0           1           1        1975           8                     1 hru0008           0.8000001      0.2100000       33.01000      0.9099999       21.00000       34.00000       45.00000      0.0000000E+00  0.1600000      0.2400000      0.0000000E+00   2.800000       5.710000    
 begsim soil_08                    3          50           0           1           1        1975           8                     1 hru0008           0.8000000      0.2100000       33.01001      0.9099999       21.00000       34.00000       45.00000      0.0000000E+00  0.1600000      0.2399999      0.0000000E+00   2.800000       5.710000    
 begsim soil_08                    4         100           0           1           1        1975           8                     1 hru0008            1.630000      0.1800000       33.01001       1.750000       21.00000       34.00000       45.00000      0.0000000E+00  0.1599999      0.3800000      0.0000000E+00   2.800000       5.820004    
 begsim soil_08                    5         150           0           1           1        1975           8                     1 hru0008            1.630000      0.1800000       33.01001       1.750000       21.00000       34.00000       45.00000      0.0000000E+00  0.1599999      0.3800000      0.0000000E+00   2.800000       5.820004    
 begsim soil_08                    6         200           0           1           1        1975           8                     1 hru0008            1.550000      0.1800000       33.01001      0.7500000       21.00000       34.00000       45.00000      0.0000000E+00  0.1599999      0.3199999      0.0000000E+00   2.800000       6.600003    
 begsim soil_08                    7         300           0           1           1        1975           8                     1 hru0008            1.550002      0.1800001       33.01001      0.7500000       21.00000       34.00000       45.00000      0.0000000E+00  0.1599999      0.3199998      0.0000000E+00   2.800000       6.599998    
 begsim soil_08                    8         450           0           1           1        1975           8                     1 hru0008            1.550002      0.1800002       33.00997      0.7500000       21.00000       34.00000       45.00000      0.0000000E+00  0.1599999      0.3199998      0.0000000E+00   2.800000       6.599990    
 begsim soil_08                    9         600           0           1           1        1975           8                     1 hru0008            1.550002      0.1800002       33.00997      0.7500000       21.00000       34.00000       45.00000      0.0000000E+00  0.1599999      0.3199998      0.0000000E+00   2.800000       6.599990    
 begsim soil_08                   10         750           0           1           1        1975           8                     1 hru0008            1.550002      0.1800002       33.00997      0.7500000       21.00000       34.00000       45.00000      0.0000000E+00  0.1599999      0.3199998      0.0000000E+00   2.800000       6.599990    
 begsim soil_08                   11         900           0           1           1        1975           8                     1 hru0008            1.689998      0.1800002       33.00997      0.5500000       18.60000       34.80000       46.60000      0.0000000E+00  0.1599999      0.3399996      0.0000000E+00   6.000000       7.160000    
 begsim soil_08                   12        1050           0           1           1        1975           8                     1 hru0008            1.899997      0.1800002       33.00997      0.2500000       15.00000       36.00000       49.00000      0.0000000E+00  0.1599999      0.3699998      0.0000000E+00   15.00000       8.000000    
 begsim soil_08                   13        1200           0           1           1        1975           8                     1 hru0008            1.899997      0.1800002       33.00997      0.2500000       15.00000       36.00000       49.00000      0.0000000E+00  0.1599999      0.3699998      0.0000000E+00   15.00000       8.000000    
 begsim soil_08                   14        1500           0           1           1        1975           8                     1 hru0008            1.899999      0.1800002       33.00986      0.2500000       15.00000       36.00000       49.00000      0.0000000E+00  0.1599999      0.3700010      0.0000000E+00   15.00000       8.000000    
 begsim soil_08                   15        1800           0           1           1        1975           8                     1 hru0008            1.899999      0.1800002       33.00986      0.2500000       15.00000       36.00000       49.00000      0.0000000E+00  0.1599999      0.3700010      0.0000000E+00   15.00000       8.000000    
 begsim soil_08                   16        2000           0           1           1        1975           8                     1 hru0008            1.899996      0.1800002       33.00992      0.2500000       15.00000       36.00000       49.00000      0.0000000E+00  0.1599999      0.3700001      0.0000000E+00   15.00000       8.000000    
 begsim soil_09                    1          10           0           1           1        1975           9                     1 hru0009            1.480000      0.2100000       33.01000       4.970000       21.00000       34.00000       45.00000      0.0000000E+00  0.1600000      0.2400000      0.0000000E+00   2.800000       5.660000    
 begsim soil_09                    2          25           0           1           1        1975           9                     1 hru0009            1.480000      0.2100000       33.01000       4.970000       21.00000       34.00000       45.00000      0.0000000E+00  0.1600000      0.2400000      0.0000000E+00   2.800000       5.660001    
 begsim soil_09                    3          50           0           1           1        1975           9                     1 hru0009            1.480000      0.2100000       33.01001       4.970001       21.00000       34.00000       45.00000      0.0000000E+00  0.1600000      0.2399999      0.0000000E+00   2.800000       5.660002    
 begsim soil_09                    4         100           0           1           1        1975           9                     1 hru0009            1.500000      0.1800000       33.01001       2.330001       21.00000       34.00000       45.00000      0.0000000E+00  0.1599999      0.2799999      0.0000000E+00   2.800000       5.789998    
 begsim soil_09                    5         150           0           1           1        1975           9                     1 hru0009            1.500000      0.1800000       33.01001       2.330001       21.00000       34.00000       45.00000      0.0000000E+00  0.1599999      0.2799999      0.0000000E+00   2.800000       5.789998    
 begsim soil_09                    6         200           0           1           1        1975           9                     1 hru0009            1.550000      0.1800000       33.01001      0.7500000       21.00000       34.00000       45.00000      0.0000000E+00  0.1599999      0.3199999      0.0000000E+00   2.800000       6.600003    
 begsim soil_09                    7         300           0           1           1        1975           9                     1 hru0009            1.550002      0.1800001       33.01001      0.7500000       21.00000       34.00000       45.00000      0.0000000E+00  0.1599999      0.3199998      0.0000000E+00   2.800000       6.599998    
 begsim soil_09                    8         450           0           1           1        1975           9                     1 hru0009            1.550002      0.1800002       33.00997      0.7500000       21.00000       34.00000       45.00000      0.0000000E+00  0.1599999      0.3199998      0.0000000E+00   2.800000       6.599990    
 begsim soil_09                    9         600           0           1           1        1975           9                     1 hru0009            1.550002      0.1800002       33.00997      0.7500000       21.00000       34.00000       45.00000      0.0000000E+00  0.1599999      0.3199998      0.0000000E+00   2.800000       6.599990    
 begsim soil_09                   10         750           0           1           1        1975           9                     1 hru0009            1.550002      0.1800002       33.00997      0.7500000       21.00000       34.00000       45.00000      0.0000000E+00  0.1599999      0.3199998      0.0000000E+00   2.800000       6.599990    
 begsim soil_09                   11         900           0           1           1        1975           9                     1 hru0009            1.570003      0.1800002       33.00997      0.5500000       18.60000       34.80000       46.60000      0.0000000E+00  0.1599999      0.3399996      0.0000000E+00   6.000000       7.160000    
 begsim soil_09                   12        1050           0           1           1        1975           9                     1 hru0009            1.600002      0.1800002       33.00997      0.2500000       15.00000       36.00000       49.00000      0.0000000E+00  0.1599999      0.3699998      0.0000000E+00   15.00000       8.000000    
 begsim soil_09                   13        1200           0           1           1        1975           9                     1 hru0009            1.600002      0.1800002       33.00997      0.2500000       15.00000       36.00000       49.00000      0.0000000E+00  0.1599999      0.3699998      0.0000000E+00   15.00000       8.000000    
 begsim soil_09                   14        1500           0           1           1        1975           9                     1 hru0009            1.600004      0.1800002       33.00986      0.2500000       15.00000       36.00000       49.00000      0.0000000E+00  0.1599999      0.3700010      0.0000000E+00   15.00000       8.000000    
 begsim soil_09                   15        1800           0           1           1        1975           9                     1 hru0009            1.600004      0.1800002       33.00986      0.2500000       15.00000       36.00000       49.00000      0.0000000E+00  0.1599999      0.3700010      0.0000000E+00   15.00000       8.000000    
 begsim soil_09                   16        2000           0           1           1        1975           9                     1 hru0009            1.600003      0.1800002       33.00992      0.2500000       15.00000       36.00000       49.00000      0.0000000E+00  0.1599999      0.3700001      0.0000000E+00   15.00000       8.000000    
 begsim soil_10                    1          10           0           1           1        1975          10                     1 hru0010            1.350000      0.2100000       33.01000       4.489999       21.00000       34.00000       45.00000      0.0000000E+00  0.1600000      0.2400000      0.0000000E+00   2.800000       5.710000    
 begsim soil_10                    2          25           0           1           1        1975          10                     1 hru0010            1.350000      0.2100000       33.01000       4.489999       21.00000       34.00000       45.00000      0.0000000E+00  0.1600000      0.2400000      0.0000000E+00   2.800000       5.710000    
 begsim soil_10                    3          50           0           1           1        1975          10                     1 hru0010            1.350000      0.2100000       33.01001       4.489998       21.00000       34.00000       45.00000      0.0000000E+00  0.1600000      0.2399999      0.0000000E+00   2.800000       5.710000    
 begsim soil_10                    4         100           0           1           1        1975          10                     1 hru0010            1.440000      0.1800000       33.01001       2.390000       21.00000       34.00000       45.00000      0.0000000E+00  0.1599999      0.3800000      0.0000000E+00   2.800000       5.829999    
 begsim soil_10                    5         150           0           1           1        1975          10                     1 hru0010            1.440000      0.1800000       33.01001       2.390000       21.00000       34.00000       45.00000      0.0000000E+00  0.1599999      0.3800000      0.0000000E+00   2.800000       5.829999    
 begsim soil_10                    6         200           0           1           1        1975          10                     1 hru0010            1.550000      0.1800000       33.01001      0.7500000       21.00000       34.00000       45.00000      0.0000000E+00  0.1599999      0.3199999      0.0000000E+00   2.800000       6.600003    
 begsim soil_10                    7         300           0           1           1        1975          10                     1 hru0010            1.550002      0.1800001       33.01001      0.7500000       21.00000       34.00000       45.00000      0.0000000E+00  0.1599999      0.3199998      0.0000000E+00   2.800000       6.599998    
 begsim soil_10                    8         450           0           1           1        1975          10                     1 hru0010            1.550002      0.1800002       33.00997      0.7500000       21.00000       34.00000       45.00000      0.0000000E+00  0.1599999      0.3199998      0.0000000E+00   2.800000       6.599990    
 begsim soil_10                    9         600           0           1           1        1975          10                     1 hru0010            1.550002      0.1800002       33.00997      0.7500000       21.00000       34.00000       45.00000      0.0000000E+00  0.1599999      0.3199998      0.0000000E+00   2.800000       6.599990    
 begsim soil_10                   10         750           0           1           1        1975          10                     1 hru0010            1.550002      0.1800002       33.00997      0.7500000       21.00000       34.00000       45.00000      0.0000000E+00  0.1599999      0.3199998      0.0000000E+00   2.800000       6.599990    
 begsim soil_10                   11         900           0           1           1        1975          10                     1 hru0010            1.601998      0.1800002       33.00997      0.5500000       18.60000       34.80000       46.60000      0.0000000E+00  0.1599999      0.3399996      0.0000000E+00   6.000000       7.160000    
 begsim soil_10                   12        1050           0           1           1        1975          10                     1 hru0010            1.679996      0.1800002       33.00997      0.2500000       15.00000       36.00000       49.00000      0.0000000E+00  0.1599999      0.3699998      0.0000000E+00   15.00000       8.000000    
 begsim soil_10                   13        1200           0           1           1        1975          10                     1 hru0010            1.679996      0.1800002       33.00997      0.2500000       15.00000       36.00000       49.00000      0.0000000E+00  0.1599999      0.3699998      0.0000000E+00   15.00000       8.000000    
 begsim soil_10                   14        1500           0           1           1        1975          10                     1 hru0010            1.679995      0.1800002       33.00986      0.2500000       15.00000       36.00000       49.00000      0.0000000E+00  0.1599999      0.3700010      0.0000000E+00   15.00000       8.000000    
 begsim soil_10                   15        1800           0           1           1        1975          10                     1 hru0010            1.679995      0.1800002       33.00986      0.2500000       15.00000       36.00000       49.00000      0.0000000E+00  0.1599999      0.3700010      0.0000000E+00   15.00000       8.000000    
 begsim soil_10                   16        2000           0           1           1        1975          10                     1 hru0010            1.679996      0.1800002       33.00992      0.2500000       15.00000       36.00000       49.00000      0.0000000E+00  0.1599999      0.3700001      0.0000000E+00   15.00000       8.000000    
 begsim soil_11                    1          10           0           1           1        1975          11                     1 hru0011            1.630000      0.2100000       33.01000       4.989999       21.00000       34.00000       45.00000      0.0000000E+00  0.1600000      0.2400000      0.0000000E+00   2.800000       5.739999    
 begsim soil_11                    2          25           0           1           1        1975          11                     1 hru0011            1.630000      0.2100000       33.01000       4.989999       21.00000       34.00000       45.00000      0.0000000E+00  0.1600000      0.2400000      0.0000000E+00   2.800000       5.739999    
 begsim soil_11                    3          50           0           1           1        1975          11                     1 hru0011            1.630000      0.2100000       33.01001       4.989998       21.00000       34.00000       45.00000      0.0000000E+00  0.1600000      0.2399999      0.0000000E+00   2.800000       5.739999    
 begsim soil_11                    4         100           0           1           1        1975          11                     1 hru0011            1.580001      0.1800000       33.01001       1.980001       21.00000       34.00000       45.00000      0.0000000E+00  0.1599999      0.2799999      0.0000000E+00   2.800000       5.789998    
 begsim soil_11                    5         150           0           1           1        1975          11                     1 hru0011            1.580001      0.1800000       33.01001       1.980001       21.00000       34.00000       45.00000      0.0000000E+00  0.1599999      0.2799999      0.0000000E+00   2.800000       5.789998    
 begsim soil_11                    6         200           0           1           1        1975          11                     1 hru0011            1.779999      0.1800000       33.01001      0.7500000       21.00000       34.00000       45.00000      0.0000000E+00  0.1599999      0.3199999      0.0000000E+00   2.800000       6.600003    
 begsim soil_11                    7         300           0           1           1        1975          11                     1 hru0011            1.779999      0.1800001       33.01001      0.7500000       21.00000       34.00000       45.00000      0.0000000E+00  0.1599999      0.3199998      0.0000000E+00   2.800000       6.599998    
 begsim soil_11                    8         450           0           1           1        1975          11                     1 hru0011            1.779999      0.1800002       33.00997      0.7500000       21.00000       34.00000       45.00000      0.0000000E+00  0.1599999      0.3199998      0.0000000E+00   2.800000       6.599990    
 begsim soil_11                    9         600           0           1           1        1975          11                     1 hru0011            1.779999      0.1800002       33.00997      0.7500000       21.00000       34.00000       45.00000      0.0000000E+00  0.1599999      0.3199998      0.0000000E+00   2.800000       6.599990    
 begsim soil_11                   10         750           0           1           1        1975          11                     1 hru0011            1.779999      0.1800002       33.00997      0.7500000       21.00000       34.00000       45.00000      0.0000000E+00  0.1599999      0.3199998      0.0000000E+00   2.800000       6.599990    
 begsim soil_11                   11         900           0           1           1        1975          11                     1 hru0011            1.859999      0.1800002       33.00997      0.5500000       18.60000       34.80000       46.60000      0.0000000E+00  0.1599999      0.3399996      0.0000000E+00   6.000000       7.160000    
 begsim soil_11                   12        1050           0           1           1        1975          11                     1 hru0011            1.980000      0.1800002       33.00997      0.2500000       15.00000       36.00000       49.00000      0.0000000E+00  0.1599999      0.3699998      0.0000000E+00   15.00000       8.000000    
 begsim soil_11                   13        1200           0           1           1        1975          11                     1 hru0011            1.980000      0.1800002       33.00997      0.2500000       15.00000       36.00000       49.00000      0.0000000E+00  0.1599999      0.3699998      0.0000000E+00   15.00000       8.000000    
 begsim soil_11                   14        1500           0           1           1        1975          11                     1 hru0011            1.980001      0.1800002       33.00986      0.2500000       15.00000       36.00000       49.00000      0.0000000E+00  0.1599999      0.3700010      0.0000000E+00   15.00000       8.000000    
 begsim soil_11                   15        1800           0           1           1        1975          11                     1 hru0011            1.980001      0.1800002       33.00986      0.2500000       15.00000       36.00000       49.00000      0.0000000E+00  0.1599999      0.3700010      0.0000000E+00   15.00000       8.000000    
 begsim soil_11                   16        2000           0           1           1        1975          11                     1 hru0011            1.980003      0.1800002       33.00992      0.2500000       15.00000       36.00000       49.00000      0.0000000E+00  0.1599999      0.3700001      0.0000000E+00   15.00000       8.000000    
 begsim soil_12                    1          10           0           1           1        1975          12                     1 hru0012            1.520000      0.2100000       33.01000       4.590000       21.00000       34.00000       45.00000      0.0000000E+00  0.1600000      0.2400000      0.0000000E+00   2.800000       5.700000    
 begsim soil_12                    2          25           0           1           1        1975          12                     1 hru0012            1.520000      0.2100000       33.01000       4.590001       21.00000       34.00000       45.00000      0.0000000E+00  0.1600000      0.2400000      0.0000000E+00   2.800000       5.699999    
 begsim soil_12                    3          50           0           1           1        1975          12                     1 hru0012            1.520000      0.2100000       33.01001       4.589999       21.00000       34.00000       45.00000      0.0000000E+00  0.1600000      0.2399999      0.0000000E+00   2.800000       5.699999    
 begsim soil_12                    4         100           0           1           1        1975          12                     1 hru0012            1.520000      0.1800000       33.01001       2.110000       21.00000       34.00000       45.00000      0.0000000E+00  0.1599999      0.2799999      0.0000000E+00   2.800000       5.880002    
 begsim soil_12                    5         150           0           1           1        1975          12                     1 hru0012            1.520000      0.1800000       33.01001       2.110000       21.00000       34.00000       45.00000      0.0000000E+00  0.1599999      0.2799999      0.0000000E+00   2.800000       5.880002    
 begsim soil_12                    6         200           0           1           1        1975          12                     1 hru0012            1.580001      0.1800000       33.01001      0.7500000       21.00000       34.00000       45.00000      0.0000000E+00  0.1599999      0.3199999      0.0000000E+00   2.800000       6.600003    
 begsim soil_12                    7         300           0           1           1        1975          12                     1 hru0012            1.580001      0.1800001       33.01001      0.7500000       21.00000       34.00000       45.00000      0.0000000E+00  0.1599999      0.3199998      0.0000000E+00   2.800000       6.599998    
 begsim soil_12                    8         450           0           1           1        1975          12                     1 hru0012            1.580001      0.1800002       33.00997      0.7500000       21.00000       34.00000       45.00000      0.0000000E+00  0.1599999      0.3199998      0.0000000E+00   2.800000       6.599990    
 begsim soil_12                    9         600           0           1           1        1975          12                     1 hru0012            1.580001      0.1800002       33.00997      0.7500000       21.00000       34.00000       45.00000      0.0000000E+00  0.1599999      0.3199998      0.0000000E+00   2.800000       6.599990    
 begsim soil_12                   10         750           0           1           1        1975          12                     1 hru0012            1.580001      0.1800002       33.00997      0.7500000       21.00000       34.00000       45.00000      0.0000000E+00  0.1599999      0.3199998      0.0000000E+00   2.800000       6.599990    
 begsim soil_12                   11         900           0           1           1        1975          12                     1 hru0012            1.619998      0.1800002       33.00997      0.5500000       18.60000       34.80000       46.60000      0.0000000E+00  0.1599999      0.3399996      0.0000000E+00   6.000000       7.160000    
 begsim soil_12                   12        1050           0           1           1        1975          12                     1 hru0012            1.679996      0.1800002       33.00997      0.2500000       15.00000       36.00000       49.00000      0.0000000E+00  0.1599999      0.3699998      0.0000000E+00   15.00000       8.000000    
 begsim soil_12                   13        1200           0           1           1        1975          12                     1 hru0012            1.679996      0.1800002       33.00997      0.2500000       15.00000       36.00000       49.00000      0.0000000E+00  0.1599999      0.3699998      0.0000000E+00   15.00000       8.000000    
 begsim soil_12                   14        1500           0           1           1        1975          12                     1 hru0012            1.679995      0.1800002       33.00986      0.2500000       15.00000       36.00000       49.00000      0.0000000E+00  0.1599999      0.3700010      0.0000000E+00   15.00000       8.000000    
 begsim soil_12                   15        1800           0           1           1        1975          12                     1 hru0012            1.679995      0.1800002       33.00986      0.2500000       15.00000       36.00000       49.00000      0.0000000E+00  0.1599999      0.3700010      0.0000000E+00   15.00000       8.000000    
 begsim soil_12                   16        2000           0           1           1        1975          12                     1 hru0012            1.679996      0.1800002       33.00992      0.2500000       15.00000       36.00000       49.00000      0.0000000E+00  0.1599999      0.3700001      0.0000000E+00   15.00000       8.000000    
