           1           1           1        1975 hru0001         hru       0.3993459      0.4680469      0.0000000E+00  0.0000000E+00   70.06118       127.9835      0.0000000E+00  0.0000000E+00  0.9079091      0.9671075       3.742108      0.0000000E+00  0.0000000E+00   8.757369       16.07553      0.0000000E+00
           1           1           1        1975 hru0001         hru        1.286015      0.0000000E+00  0.0000000E+00  0.0000000E+00   105.1008       191.9753      0.0000000E+00  0.0000000E+00   1.447162       1.440853       5.529847      0.0000000E+00  0.0000000E+00   13.13606       24.14155      0.0000000E+00
           1           1           1        1975 hru0001         hru        2.097564      0.0000000E+00  0.0000000E+00  0.0000000E+00   175.1680       319.9587      0.0000000E+00  0.0000000E+00   2.379562       2.345313       8.989561      0.0000000E+00  0.0000000E+00   21.89342       40.23740      0.0000000E+00
           1           1           1        1975 hru0001         hru        4.497039      0.0000000E+00  0.0000000E+00  0.0000000E+00   265.2087       484.4270      0.0000000E+00  0.0000000E+00   4.556490       4.967625       19.27303      0.0000000E+00  0.0000000E+00   33.14729       60.92339      0.0000000E+00
           1           1           1        1975 hru0001         hru        4.277716      0.0000000E+00  0.0000000E+00  0.0000000E+00   265.2077       484.4269      0.0000000E+00  0.0000000E+00   4.409625       4.733725       18.33307      0.0000000E+00  0.0000000E+00   33.14729       60.92609      0.0000000E+00
           1           1           1        1975 hru0001         hru       0.6129031       3.685159      0.0000000E+00  0.0000000E+00   157.9782       288.5630      0.0000000E+00  0.0000000E+00   3.883516       4.695724       18.42144      0.0000000E+00  0.0000000E+00   19.74515       36.29424      0.0000000E+00
           1           1           1        1975 hru0001         hru        1.313422       6.465134      0.0000000E+00  0.0000000E+00   315.9545       577.1260      0.0000000E+00  0.0000000E+00   7.192628       8.516037       33.33682      0.0000000E+00  0.0000000E+00   39.49030       72.59122      0.0000000E+00
           1           1           1        1975 hru0001         hru        2.016910       8.025733      0.0000000E+00  0.0000000E+00   473.9274       865.6888      0.0000000E+00  0.0000000E+00   9.603190       11.02996       43.03990      0.0000000E+00  0.0000000E+00   59.23546       108.8800      0.0000000E+00
           1           1           1        1975 hru0001         hru        1.676356       6.967426      0.0000000E+00  0.0000000E+00   473.9065       865.6882      0.0000000E+00  0.0000000E+00   7.537318       9.412663       37.04479      0.0000000E+00  0.0000000E+00   59.23546       108.5863      0.0000000E+00
           1           1           1        1975 hru0001         hru        1.309013       6.130760      0.0000000E+00  0.0000000E+00   473.8922       865.6878      0.0000000E+00  0.0000000E+00   5.854793       8.031260       31.88474      0.0000000E+00  0.0000000E+00   59.23546       108.3598      0.0000000E+00
           1           1           1        1975 hru0001         hru        1.165138       5.409104      0.0000000E+00  0.0000000E+00   346.5531       651.7678      0.0000000E+00  0.0000000E+00   5.078136       7.086304       28.17533      0.0000000E+00  0.0000000E+00   43.31840       81.57620      0.0000000E+00
           1           1           1        1975 hru0001         hru        1.010478       4.868484      0.0000000E+00  0.0000000E+00   156.4110       307.8005      0.0000000E+00  0.0000000E+00   4.378257       6.318777       25.19555      0.0000000E+00  0.0000000E+00   19.55103       38.52435      0.0000000E+00
           1           1           1        1975 hru0001         hru       0.8993927       4.160677      0.0000000E+00  0.0000000E+00   156.4109       307.8005      0.0000000E+00  0.0000000E+00   3.794499       5.441522       21.68601      0.0000000E+00  0.0000000E+00   19.55103       38.52467      0.0000000E+00
           1           1           1        1975 hru0001         hru        1.409354       6.087838      0.0000000E+00  0.0000000E+00   312.8219       615.6017      0.0000000E+00  0.0000000E+00   5.718380       8.073067       32.13083      0.0000000E+00  0.0000000E+00   39.10210       77.05023      0.0000000E+00
           1           1           1        1975 hru0001         hru        1.112489       4.441568      0.0000000E+00  0.0000000E+00   312.8217       615.6017      0.0000000E+00  0.0000000E+00   4.333395       5.991466       23.80310      0.0000000E+00  0.0000000E+00   39.10210       77.05105      0.0000000E+00
           1           1           1        1975 hru0001         hru       0.6359838       2.395533      0.0000000E+00  0.0000000E+00   208.5476       410.4008      0.0000000E+00  0.0000000E+00   2.410743       3.275317       12.99221      0.0000000E+00  0.0000000E+00   26.06805       51.36768      0.0000000E+00
           2           1           2        1975 hru0001         hru       0.4433663      0.4222746      0.0000000E+00  0.0000000E+00   70.06344       127.9837      0.0000000E+00  0.0000000E+00   1.136960       1.020495       3.743136      0.0000000E+00  0.0000000E+00   8.757369       16.14528      0.0000000E+00
           2           1           2        1975 hru0001         hru        1.281584      3.3346014E-04  0.0000000E+00  0.0000000E+00   105.1122       191.9756      0.0000000E+00  0.0000000E+00   1.862343       1.538679       5.532048      0.0000000E+00  0.0000000E+00   13.13605       24.26923      0.0000000E+00
           2           1           2        1975 hru0001         hru        2.097076      5.5673905E-04  0.0000000E+00  0.0000000E+00   175.1872       319.9593      0.0000000E+00  0.0000000E+00   3.080922       2.510070       8.993848      0.0000000E+00  0.0000000E+00   21.89342       40.45289      0.0000000E+00
           2           1           2        1975 hru0001         hru        4.497039      0.0000000E+00  0.0000000E+00  0.0000000E+00   265.2372       484.4279      0.0000000E+00  0.0000000E+00   5.639704       5.220312       19.27900      0.0000000E+00  0.0000000E+00   33.14729       61.25583      0.0000000E+00
           2           1           2        1975 hru0001         hru        4.277716      0.0000000E+00  0.0000000E+00  0.0000000E+00   265.2355       484.4278      0.0000000E+00  0.0000000E+00   5.509521       4.989229       18.33909      0.0000000E+00  0.0000000E+00   33.14729       61.26337      0.0000000E+00
           2           1           2        1975 hru0001         hru       0.4837327       3.814125      0.0000000E+00  0.0000000E+00   157.9945       288.5636      0.0000000E+00  0.0000000E+00   4.551813       4.850036       18.42506      0.0000000E+00  0.0000000E+00   19.74515       36.49893      0.0000000E+00
           2           1           2        1975 hru0001         hru        1.099782       6.678747      0.0000000E+00  0.0000000E+00   315.9854       577.1270      0.0000000E+00  0.0000000E+00   8.549770       8.827920       33.34409      0.0000000E+00  0.0000000E+00   39.49030       73.00651      0.0000000E+00
           2           1           2        1975 hru0001         hru        1.789373       8.253269      0.0000000E+00  0.0000000E+00   473.9701       865.6901      0.0000000E+00  0.0000000E+00   11.64733       11.49627       43.05070      0.0000000E+00  0.0000000E+00   59.23546       109.5046      0.0000000E+00
           2           1           2        1975 hru0001         hru        1.530925       7.112858      0.0000000E+00  0.0000000E+00   473.9289       865.6888      0.0000000E+00  0.0000000E+00   8.713651       9.677553       37.05085      0.0000000E+00  0.0000000E+00   59.23546       108.9449      0.0000000E+00
           2           1           2        1975 hru0001         hru        1.225032       6.214741      0.0000000E+00  0.0000000E+00   473.9006       865.6880      0.0000000E+00  0.0000000E+00   6.331059       8.137400       31.88714      0.0000000E+00  0.0000000E+00   59.23546       108.5047      0.0000000E+00
           2           1           2        1975 hru0001         hru        1.121886       5.452356      0.0000000E+00  0.0000000E+00   346.5589       651.7679      0.0000000E+00  0.0000000E+00   5.418446       7.161743       28.17702      0.0000000E+00  0.0000000E+00   43.31840       81.67965      0.0000000E+00
           2           1           2        1975 hru0001         hru       0.9956795       4.883283      0.0000000E+00  0.0000000E+00   156.4137       307.8006      0.0000000E+00  0.0000000E+00   4.538996       6.354257       25.19635      0.0000000E+00  0.0000000E+00   19.55103       38.57318      0.0000000E+00
           2           1           2        1975 hru0001         hru       0.9041396       4.155930      0.0000000E+00  0.0000000E+00   156.4136       307.8005      0.0000000E+00  0.0000000E+00   3.957452       5.477362       21.68682      0.0000000E+00  0.0000000E+00   19.55103       38.57413      0.0000000E+00
           2           1           2        1975 hru0001         hru        1.448532       6.048660      0.0000000E+00  0.0000000E+00   312.8270       615.6017      0.0000000E+00  0.0000000E+00   6.049771       8.145644       32.13244      0.0000000E+00  0.0000000E+00   39.10210       77.15075      0.0000000E+00
           2           1           2        1975 hru0001         hru        1.165751       4.388306      0.0000000E+00  0.0000000E+00   312.8266       615.6017      0.0000000E+00  0.0000000E+00   4.670323       6.064951       23.80473      0.0000000E+00  0.0000000E+00   39.10210       77.15316      0.0000000E+00
           2           1           2        1975 hru0001         hru       0.6733229       2.358193      0.0000000E+00  0.0000000E+00   208.5509       410.4009      0.0000000E+00  0.0000000E+00   2.637647       3.324682       12.99330      0.0000000E+00  0.0000000E+00   26.06805       51.43641      0.0000000E+00
